# NeutrinoPhotonNeutrinoBottomPair cumulative differential rate
# photon field: Cosmic Microwave Background, T_CMB = 2.72548 K
# Produced with crpropa-data version: b4d40dba332f6b1ad7c4075ede4da4da0e3840ac
# log10(E/eV), d(1/lambda)/ds_kin [1/Mpc/eV^2] for log10(s_kin/eV^2) as given in first row
0.00	1.98579e+01	1.99789e+01	2.01000e+01	2.02211e+01	2.03421e+01	2.04632e+01	2.05842e+01	2.07053e+01	2.08263e+01	2.09474e+01	2.10684e+01	2.11895e+01	2.13105e+01	2.14316e+01	2.15526e+01	2.16737e+01	2.17947e+01	2.19158e+01	2.20368e+01	2.21579e+01	2.22789e+01	2.24000e+01	2.25211e+01	2.26421e+01	2.27632e+01	2.28842e+01	2.30053e+01	2.31263e+01	2.32474e+01	2.33684e+01	2.34895e+01	2.36105e+01	2.37316e+01	2.38526e+01	2.39737e+01	2.40947e+01	2.42158e+01	2.43368e+01	2.44579e+01	2.45789e+01	2.47000e+01	2.48211e+01	2.49421e+01	2.50632e+01	2.51842e+01	2.53053e+01	2.54263e+01	2.55474e+01	2.56684e+01	2.57895e+01	2.59105e+01	2.60316e+01	2.61526e+01	2.62737e+01	2.63947e+01	2.65158e+01	2.66368e+01	2.67579e+01	2.68789e+01	2.70000e+01
20.26	0.00000e+00	-5.33543e-212	-2.28333e-208	-7.65843e-207	-7.54866e-206	-4.42126e-205	-1.96571e-204	-7.37435e-204	-2.47234e-203	-7.65451e-203	-2.23498e-202	-6.23687e-202	-1.67816e-201	-4.37890e-201	-1.11228e-200	-2.75677e-200	-6.67408e-200	-1.57937e-199	-3.65329e-199	-8.26753e-199	-1.83101e-198	-3.97073e-198	-8.43782e-198	-1.75888e-197	-3.60082e-197	-7.24706e-197	-1.43594e-196	-2.80468e-196	-5.40661e-196	-1.02996e-195	-1.94143e-195	-3.62486e-195	-6.71158e-195	-1.23355e-194	-2.25201e-194	-4.08721e-194	-7.38014e-194	-1.32627e-193	-2.37404e-193	-4.23496e-193	-7.53171e-193	-1.33595e-192	-2.36394e-192	-4.17475e-192	-7.36071e-192	-1.29578e-191	-2.27830e-191	-4.00037e-191	-7.01957e-191	-1.23088e-190	-2.15619e-190	-3.77577e-190	-6.60749e-190	-1.15615e-189	-2.02196e-189	-3.53520e-189	-6.17955e-189	-1.08031e-188	-1.88776e-188	-3.29758e-188
20.32	0.00000e+00	-4.03405e-212	-1.72640e-208	-5.79043e-207	-5.70744e-206	-3.34285e-205	-1.48625e-204	-5.57564e-204	-1.86930e-203	-5.78747e-203	-1.68983e-202	-4.71561e-202	-1.26883e-201	-3.31083e-201	-8.40982e-201	-2.08436e-200	-5.04618e-200	-1.19414e-199	-2.76220e-199	-6.25097e-199	-1.38440e-198	-3.00222e-198	-6.37972e-198	-1.32987e-197	-2.72253e-197	-5.47940e-197	-1.08569e-196	-2.12058e-196	-4.08786e-196	-7.78738e-196	-1.46789e-195	-2.74071e-195	-5.07453e-195	-9.32673e-195	-1.70271e-194	-3.09029e-194	-5.58003e-194	-1.00277e-193	-1.79498e-193	-3.20199e-193	-5.69462e-193	-1.01010e-192	-1.78734e-192	-3.15647e-192	-5.56533e-192	-9.79724e-192	-1.72259e-191	-3.02462e-191	-5.30740e-191	-9.30654e-191	-1.63027e-190	-2.85481e-190	-4.99583e-190	-8.74146e-190	-1.52878e-189	-2.67292e-189	-4.67228e-189	-8.16805e-189	-1.42731e-188	-2.49326e-188
20.38	0.00000e+00	2.62896e-195	2.62978e-195	2.62978e-195	2.62978e-195	2.62978e-195	2.62978e-195	2.62978e-195	2.62978e-195	2.62978e-195	2.62978e-195	2.62977e-195	2.62977e-195	2.62977e-195	2.62977e-195	2.62976e-195	2.62974e-195	2.62969e-195	2.62957e-195	2.62930e-195	2.62873e-195	2.62751e-195	2.62495e-195	2.61972e-195	2.60919e-195	2.58835e-195	2.54769e-195	2.46944e-195	2.32070e-195	2.04098e-195	1.51992e-195	5.57561e-196	-1.20701e-195	-4.42204e-195	-1.02442e-194	-2.07355e-194	-3.95601e-194	-7.31886e-194	-1.33086e-193	-2.39469e-193	-4.27933e-193	-7.61090e-193	-1.34876e-192	-2.38393e-192	-4.20524e-192	-7.40493e-192	-1.30217e-191	-2.28661e-191	-4.01259e-191	-7.03629e-191	-1.23260e-190	-2.15845e-190	-3.77725e-190	-6.60927e-190	-1.15589e-189	-2.02095e-189	-3.53264e-189	-6.17575e-189	-1.07917e-188	-1.88512e-188
20.44	0.00000e+00	4.25055e-172	4.25532e-172	4.25532e-172	4.25532e-172	4.25532e-172	4.25532e-172	4.25532e-172	4.25532e-172	4.25532e-172	4.25532e-172	4.25532e-172	4.25532e-172	4.25532e-172	4.25532e-172	4.25532e-172	4.25532e-172	4.25532e-172	4.25532e-172	4.25532e-172	4.25532e-172	4.25532e-172	4.25532e-172	4.25532e-172	4.25532e-172	4.25532e-172	4.25532e-172	4.25532e-172	4.25532e-172	4.25532e-172	4.25532e-172	4.25532e-172	4.25532e-172	4.25532e-172	4.25532e-172	4.25532e-172	4.25532e-172	4.25532e-172	4.25532e-172	4.25532e-172	4.25532e-172	4.25532e-172	4.25532e-172	4.25532e-172	4.25532e-172	4.25532e-172	4.25532e-172	4.25532e-172	4.25532e-172	4.25532e-172	4.25532e-172	4.25532e-172	4.25532e-172	4.25532e-172	4.25532e-172	4.25532e-172	4.25532e-172	4.25532e-172	4.25532e-172	4.25532e-172
20.50	0.00000e+00	6.54611e-152	6.56671e-152	6.56671e-152	6.56671e-152	6.56671e-152	6.56671e-152	6.56671e-152	6.56671e-152	6.56671e-152	6.56671e-152	6.56671e-152	6.56671e-152	6.56671e-152	6.56671e-152	6.56671e-152	6.56671e-152	6.56671e-152	6.56671e-152	6.56671e-152	6.56671e-152	6.56671e-152	6.56671e-152	6.56671e-152	6.56671e-152	6.56671e-152	6.56671e-152	6.56671e-152	6.56671e-152	6.56671e-152	6.56671e-152	6.56671e-152	6.56671e-152	6.56671e-152	6.56671e-152	6.56671e-152	6.56671e-152	6.56671e-152	6.56671e-152	6.56671e-152	6.56671e-152	6.56671e-152	6.56671e-152	6.56671e-152	6.56671e-152	6.56671e-152	6.56671e-152	6.56671e-152	6.56671e-152	6.56671e-152	6.56671e-152	6.56671e-152	6.56671e-152	6.56671e-152	6.56671e-152	6.56671e-152	6.56671e-152	6.56671e-152	6.56671e-152	6.56671e-152
20.56	0.00000e+00	2.32911e-134	2.34812e-134	2.34812e-134	2.34812e-134	2.34812e-134	2.34812e-134	2.34812e-134	2.34812e-134	2.34812e-134	2.34812e-134	2.34812e-134	2.34812e-134	2.34812e-134	2.34812e-134	2.34812e-134	2.34812e-134	2.34812e-134	2.34812e-134	2.34812e-134	2.34812e-134	2.34812e-134	2.34812e-134	2.34812e-134	2.34812e-134	2.34812e-134	2.34812e-134	2.34812e-134	2.34812e-134	2.34812e-134	2.34812e-134	2.34812e-134	2.34812e-134	2.34812e-134	2.34812e-134	2.34812e-134	2.34812e-134	2.34812e-134	2.34812e-134	2.34812e-134	2.34812e-134	2.34812e-134	2.34812e-134	2.34812e-134	2.34812e-134	2.34812e-134	2.34812e-134	2.34812e-134	2.34812e-134	2.34812e-134	2.34812e-134	2.34812e-134	2.34812e-134	2.34812e-134	2.34812e-134	2.34812e-134	2.34812e-134	2.34812e-134	2.34812e-134	2.34812e-134
20.62	0.00000e+00	4.27872e-119	4.35469e-119	4.35469e-119	4.35469e-119	4.35469e-119	4.35469e-119	4.35469e-119	4.35469e-119	4.35469e-119	4.35469e-119	4.35469e-119	4.35469e-119	4.35469e-119	4.35469e-119	4.35469e-119	4.35469e-119	4.35469e-119	4.35469e-119	4.35469e-119	4.35469e-119	4.35469e-119	4.35469e-119	4.35469e-119	4.35469e-119	4.35469e-119	4.35469e-119	4.35469e-119	4.35469e-119	4.35469e-119	4.35469e-119	4.35469e-119	4.35469e-119	4.35469e-119	4.35469e-119	4.35469e-119	4.35469e-119	4.35469e-119	4.35469e-119	4.35469e-119	4.35469e-119	4.35469e-119	4.35469e-119	4.35469e-119	4.35469e-119	4.35469e-119	4.35469e-119	4.35469e-119	4.35469e-119	4.35469e-119	4.35469e-119	4.35469e-119	4.35469e-119	4.35469e-119	4.35469e-119	4.35469e-119	4.35469e-119	4.35469e-119	4.35469e-119	4.35469e-119
20.69	0.00000e+00	7.95320e-106	8.23273e-106	8.23273e-106	8.23273e-106	8.23273e-106	8.23273e-106	8.23273e-106	8.23273e-106	8.23273e-106	8.23273e-106	8.23273e-106	8.23273e-106	8.23273e-106	8.23273e-106	8.23273e-106	8.23273e-106	8.23273e-106	8.23273e-106	8.23273e-106	8.23273e-106	8.23273e-106	8.23273e-106	8.23273e-106	8.23273e-106	8.23273e-106	8.23273e-106	8.23273e-106	8.23273e-106	8.23273e-106	8.23273e-106	8.23273e-106	8.23273e-106	8.23273e-106	8.23273e-106	8.23273e-106	8.23273e-106	8.23273e-106	8.23273e-106	8.23273e-106	8.23273e-106	8.23273e-106	8.23273e-106	8.23273e-106	8.23273e-106	8.23273e-106	8.23273e-106	8.23273e-106	8.23273e-106	8.23273e-106	8.23273e-106	8.23273e-106	8.23273e-106	8.23273e-106	8.23273e-106	8.23273e-106	8.23273e-106	8.23273e-106	8.23273e-106	8.23273e-106
20.75	0.00000e+00	2.71542e-94	2.88894e-94	2.88894e-94	2.88894e-94	2.88894e-94	2.88894e-94	2.88894e-94	2.88894e-94	2.88894e-94	2.88894e-94	2.88894e-94	2.88894e-94	2.88894e-94	2.88894e-94	2.88894e-94	2.88894e-94	2.88894e-94	2.88894e-94	2.88894e-94	2.88894e-94	2.88894e-94	2.88894e-94	2.88894e-94	2.88894e-94	2.88894e-94	2.88894e-94	2.88894e-94	2.88894e-94	2.88894e-94	2.88894e-94	2.88894e-94	2.88894e-94	2.88894e-94	2.88894e-94	2.88894e-94	2.88894e-94	2.88894e-94	2.88894e-94	2.88894e-94	2.88894e-94	2.88894e-94	2.88894e-94	2.88894e-94	2.88894e-94	2.88894e-94	2.88894e-94	2.88894e-94	2.88894e-94	2.88894e-94	2.88894e-94	2.88894e-94	2.88894e-94	2.88894e-94	2.88894e-94	2.88894e-94	2.88894e-94	2.88894e-94	2.88894e-94	2.88894e-94
20.81	0.00000e+00	2.86164e-84	3.16748e-84	3.16748e-84	3.16748e-84	3.16748e-84	3.16748e-84	3.16748e-84	3.16748e-84	3.16748e-84	3.16748e-84	3.16748e-84	3.16748e-84	3.16748e-84	3.16748e-84	3.16748e-84	3.16748e-84	3.16748e-84	3.16748e-84	3.16748e-84	3.16748e-84	3.16748e-84	3.16748e-84	3.16748e-84	3.16748e-84	3.16748e-84	3.16748e-84	3.16748e-84	3.16748e-84	3.16748e-84	3.16748e-84	3.16748e-84	3.16748e-84	3.16748e-84	3.16748e-84	3.16748e-84	3.16748e-84	3.16748e-84	3.16748e-84	3.16748e-84	3.16748e-84	3.16748e-84	3.16748e-84	3.16748e-84	3.16748e-84	3.16748e-84	3.16748e-84	3.16748e-84	3.16748e-84	3.16748e-84	3.16748e-84	3.16748e-84	3.16748e-84	3.16748e-84	3.16748e-84	3.16748e-84	3.16748e-84	3.16748e-84	3.16748e-84	3.16748e-84
20.87	0.00000e+00	1.45651e-75	1.70389e-75	1.70389e-75	1.70389e-75	1.70389e-75	1.70389e-75	1.70389e-75	1.70389e-75	1.70389e-75	1.70389e-75	1.70389e-75	1.70389e-75	1.70389e-75	1.70389e-75	1.70389e-75	1.70389e-75	1.70389e-75	1.70389e-75	1.70389e-75	1.70389e-75	1.70389e-75	1.70389e-75	1.70389e-75	1.70389e-75	1.70389e-75	1.70389e-75	1.70389e-75	1.70389e-75	1.70389e-75	1.70389e-75	1.70389e-75	1.70389e-75	1.70389e-75	1.70389e-75	1.70389e-75	1.70389e-75	1.70389e-75	1.70389e-75	1.70389e-75	1.70389e-75	1.70389e-75	1.70389e-75	1.70389e-75	1.70389e-75	1.70389e-75	1.70389e-75	1.70389e-75	1.70389e-75	1.70389e-75	1.70389e-75	1.70389e-75	1.70389e-75	1.70389e-75	1.70389e-75	1.70389e-75	1.70389e-75	1.70389e-75	1.70389e-75	1.70389e-75
20.93	0.00000e+00	5.30368e-68	6.66462e-68	6.66462e-68	6.66462e-68	6.66462e-68	6.66462e-68	6.66462e-68	6.66462e-68	6.66462e-68	6.66462e-68	6.66462e-68	6.66462e-68	6.66462e-68	6.66462e-68	6.66462e-68	6.66462e-68	6.66462e-68	6.66462e-68	6.66462e-68	6.66462e-68	6.66462e-68	6.66462e-68	6.66462e-68	6.66462e-68	6.66462e-68	6.66462e-68	6.66462e-68	6.66462e-68	6.66462e-68	6.66462e-68	6.66462e-68	6.66462e-68	6.66462e-68	6.66462e-68	6.66462e-68	6.66462e-68	6.66462e-68	6.66462e-68	6.66462e-68	6.66462e-68	6.66462e-68	6.66462e-68	6.66462e-68	6.66462e-68	6.66462e-68	6.66462e-68	6.66462e-68	6.66462e-68	6.66462e-68	6.66462e-68	6.66462e-68	6.66462e-68	6.66462e-68	6.66462e-68	6.66462e-68	6.66462e-68	6.66462e-68	6.66462e-68	6.66462e-68
20.99	0.00000e+00	1.94262e-61	2.66823e-61	2.66823e-61	2.66823e-61	2.66823e-61	2.66823e-61	2.66823e-61	2.66823e-61	2.66823e-61	2.66823e-61	2.66823e-61	2.66823e-61	2.66823e-61	2.66823e-61	2.66823e-61	2.66823e-61	2.66823e-61	2.66823e-61	2.66823e-61	2.66823e-61	2.66823e-61	2.66823e-61	2.66823e-61	2.66823e-61	2.66823e-61	2.66823e-61	2.66823e-61	2.66823e-61	2.66823e-61	2.66823e-61	2.66823e-61	2.66823e-61	2.66823e-61	2.66823e-61	2.66823e-61	2.66823e-61	2.66823e-61	2.66823e-61	2.66823e-61	2.66823e-61	2.66823e-61	2.66823e-61	2.66823e-61	2.66823e-61	2.66823e-61	2.66823e-61	2.66823e-61	2.66823e-61	2.66823e-61	2.66823e-61	2.66823e-61	2.66823e-61	2.66823e-61	2.66823e-61	2.66823e-61	2.66823e-61	2.66823e-61	2.66823e-61	2.66823e-61
21.05	0.00000e+00	9.62822e-56	1.47250e-55	1.47250e-55	1.47250e-55	1.47250e-55	1.47250e-55	1.47250e-55	1.47250e-55	1.47250e-55	1.47250e-55	1.47250e-55	1.47250e-55	1.47250e-55	1.47250e-55	1.47250e-55	1.47250e-55	1.47250e-55	1.47250e-55	1.47250e-55	1.47250e-55	1.47250e-55	1.47250e-55	1.47250e-55	1.47250e-55	1.47250e-55	1.47250e-55	1.47250e-55	1.47250e-55	1.47250e-55	1.47250e-55	1.47250e-55	1.47250e-55	1.47250e-55	1.47250e-55	1.47250e-55	1.47250e-55	1.47250e-55	1.47250e-55	1.47250e-55	1.47250e-55	1.47250e-55	1.47250e-55	1.47250e-55	1.47250e-55	1.47250e-55	1.47250e-55	1.47250e-55	1.47250e-55	1.47250e-55	1.47250e-55	1.47250e-55	1.47250e-55	1.47250e-55	1.47250e-55	1.47250e-55	1.47250e-55	1.47250e-55	1.47250e-55	1.47250e-55
21.11	0.00000e+00	8.37021e-51	1.45231e-50	1.45231e-50	1.45231e-50	1.45231e-50	1.45231e-50	1.45231e-50	1.45231e-50	1.45231e-50	1.45231e-50	1.45231e-50	1.45231e-50	1.45231e-50	1.45231e-50	1.45231e-50	1.45231e-50	1.45231e-50	1.45231e-50	1.45231e-50	1.45231e-50	1.45231e-50	1.45231e-50	1.45231e-50	1.45231e-50	1.45231e-50	1.45231e-50	1.45231e-50	1.45231e-50	1.45231e-50	1.45231e-50	1.45231e-50	1.45231e-50	1.45231e-50	1.45231e-50	1.45231e-50	1.45231e-50	1.45231e-50	1.45231e-50	1.45231e-50	1.45231e-50	1.45231e-50	1.45231e-50	1.45231e-50	1.45231e-50	1.45231e-50	1.45231e-50	1.45231e-50	1.45231e-50	1.45231e-50	1.45231e-50	1.45231e-50	1.45231e-50	1.45231e-50	1.45231e-50	1.45231e-50	1.45231e-50	1.45231e-50	1.45231e-50	1.45231e-50
21.17	0.00000e+00	1.59903e-46	3.21618e-46	3.21618e-46	3.21618e-46	3.21618e-46	3.21618e-46	3.21618e-46	3.21618e-46	3.21618e-46	3.21618e-46	3.21618e-46	3.21618e-46	3.21618e-46	3.21618e-46	3.21618e-46	3.21618e-46	3.21618e-46	3.21618e-46	3.21618e-46	3.21618e-46	3.21618e-46	3.21618e-46	3.21618e-46	3.21618e-46	3.21618e-46	3.21618e-46	3.21618e-46	3.21618e-46	3.21618e-46	3.21618e-46	3.21618e-46	3.21618e-46	3.21618e-46	3.21618e-46	3.21618e-46	3.21618e-46	3.21618e-46	3.21618e-46	3.21618e-46	3.21618e-46	3.21618e-46	3.21618e-46	3.21618e-46	3.21618e-46	3.21618e-46	3.21618e-46	3.21618e-46	3.21618e-46	3.21618e-46	3.21618e-46	3.21618e-46	3.21618e-46	3.21618e-46	3.21618e-46	3.21618e-46	3.21618e-46	3.21618e-46	3.21618e-46	3.21618e-46
21.23	0.00000e+00	8.16834e-43	1.95595e-42	1.95595e-42	1.95595e-42	1.95595e-42	1.95595e-42	1.95595e-42	1.95595e-42	1.95595e-42	1.95595e-42	1.95595e-42	1.95595e-42	1.95595e-42	1.95595e-42	1.95595e-42	1.95595e-42	1.95595e-42	1.95595e-42	1.95595e-42	1.95595e-42	1.95595e-42	1.95595e-42	1.95595e-42	1.95595e-42	1.95595e-42	1.95595e-42	1.95595e-42	1.95595e-42	1.95595e-42	1.95595e-42	1.95595e-42	1.95595e-42	1.95595e-42	1.95595e-42	1.95595e-42	1.95595e-42	1.95595e-42	1.95595e-42	1.95595e-42	1.95595e-42	1.95595e-42	1.95595e-42	1.95595e-42	1.95595e-42	1.95595e-42	1.95595e-42	1.95595e-42	1.95595e-42	1.95595e-42	1.95595e-42	1.95595e-42	1.95595e-42	1.95595e-42	1.95595e-42	1.95595e-42	1.95595e-42	1.95595e-42	1.95595e-42	1.95595e-42
21.29	0.00000e+00	1.32374e-39	3.91152e-39	3.91158e-39	3.91158e-39	3.91158e-39	3.91158e-39	3.91158e-39	3.91158e-39	3.91158e-39	3.91158e-39	3.91158e-39	3.91158e-39	3.91158e-39	3.91158e-39	3.91158e-39	3.91158e-39	3.91158e-39	3.91158e-39	3.91158e-39	3.91158e-39	3.91158e-39	3.91158e-39	3.91158e-39	3.91158e-39	3.91158e-39	3.91158e-39	3.91158e-39	3.91158e-39	3.91158e-39	3.91158e-39	3.91158e-39	3.91158e-39	3.91158e-39	3.91158e-39	3.91158e-39	3.91158e-39	3.91158e-39	3.91158e-39	3.91158e-39	3.91158e-39	3.91158e-39	3.91158e-39	3.91158e-39	3.91158e-39	3.91158e-39	3.91158e-39	3.91158e-39	3.91158e-39	3.91158e-39	3.91158e-39	3.91158e-39	3.91158e-39	3.91158e-39	3.91158e-39	3.91158e-39	3.91158e-39	3.91158e-39	3.91158e-39	3.91158e-39
21.35	0.00000e+00	7.90163e-37	3.02415e-36	3.02457e-36	3.02457e-36	3.02457e-36	3.02457e-36	3.02457e-36	3.02457e-36	3.02457e-36	3.02457e-36	3.02457e-36	3.02457e-36	3.02457e-36	3.02457e-36	3.02457e-36	3.02457e-36	3.02457e-36	3.02457e-36	3.02457e-36	3.02457e-36	3.02457e-36	3.02457e-36	3.02457e-36	3.02457e-36	3.02457e-36	3.02457e-36	3.02457e-36	3.02457e-36	3.02457e-36	3.02457e-36	3.02457e-36	3.02457e-36	3.02457e-36	3.02457e-36	3.02457e-36	3.02457e-36	3.02457e-36	3.02457e-36	3.02457e-36	3.02457e-36	3.02457e-36	3.02457e-36	3.02457e-36	3.02457e-36	3.02457e-36	3.02457e-36	3.02457e-36	3.02457e-36	3.02457e-36	3.02457e-36	3.02457e-36	3.02457e-36	3.02457e-36	3.02457e-36	3.02457e-36	3.02457e-36	3.02457e-36	3.02457e-36	3.02457e-36
21.41	0.00000e+00	1.97948e-34	1.04038e-33	1.04126e-33	1.04126e-33	1.04126e-33	1.04126e-33	1.04126e-33	1.04126e-33	1.04126e-33	1.04126e-33	1.04126e-33	1.04126e-33	1.04126e-33	1.04126e-33	1.04126e-33	1.04126e-33	1.04126e-33	1.04126e-33	1.04126e-33	1.04126e-33	1.04126e-33	1.04126e-33	1.04126e-33	1.04126e-33	1.04126e-33	1.04126e-33	1.04126e-33	1.04126e-33	1.04126e-33	1.04126e-33	1.04126e-33	1.04126e-33	1.04126e-33	1.04126e-33	1.04126e-33	1.04126e-33	1.04126e-33	1.04126e-33	1.04126e-33	1.04126e-33	1.04126e-33	1.04126e-33	1.04126e-33	1.04126e-33	1.04126e-33	1.04126e-33	1.04126e-33	1.04126e-33	1.04126e-33	1.04126e-33	1.04126e-33	1.04126e-33	1.04126e-33	1.04126e-33	1.04126e-33	1.04126e-33	1.04126e-33	1.04126e-33	1.04126e-33
21.48	0.00000e+00	2.32828e-32	1.78968e-31	1.79637e-31	1.79637e-31	1.79637e-31	1.79637e-31	1.79637e-31	1.79637e-31	1.79637e-31	1.79637e-31	1.79637e-31	1.79637e-31	1.79637e-31	1.79637e-31	1.79637e-31	1.79637e-31	1.79637e-31	1.79637e-31	1.79637e-31	1.79637e-31	1.79637e-31	1.79637e-31	1.79637e-31	1.79637e-31	1.79637e-31	1.79637e-31	1.79637e-31	1.79637e-31	1.79637e-31	1.79637e-31	1.79637e-31	1.79637e-31	1.79637e-31	1.79637e-31	1.79637e-31	1.79637e-31	1.79637e-31	1.79637e-31	1.79637e-31	1.79637e-31	1.79637e-31	1.79637e-31	1.79637e-31	1.79637e-31	1.79637e-31	1.79637e-31	1.79637e-31	1.79637e-31	1.79637e-31	1.79637e-31	1.79637e-31	1.79637e-31	1.79637e-31	1.79637e-31	1.79637e-31	1.79637e-31	1.79637e-31	1.79637e-31	1.79637e-31
21.54	0.00000e+00	1.41907e-30	1.68518e-29	1.70654e-29	1.70654e-29	1.70654e-29	1.70654e-29	1.70654e-29	1.70654e-29	1.70654e-29	1.70654e-29	1.70654e-29	1.70654e-29	1.70654e-29	1.70654e-29	1.70654e-29	1.70654e-29	1.70654e-29	1.70654e-29	1.70654e-29	1.70654e-29	1.70654e-29	1.70654e-29	1.70654e-29	1.70654e-29	1.70654e-29	1.70654e-29	1.70654e-29	1.70654e-29	1.70654e-29	1.70654e-29	1.70654e-29	1.70654e-29	1.70654e-29	1.70654e-29	1.70654e-29	1.70654e-29	1.70654e-29	1.70654e-29	1.70654e-29	1.70654e-29	1.70654e-29	1.70654e-29	1.70654e-29	1.70654e-29	1.70654e-29	1.70654e-29	1.70654e-29	1.70654e-29	1.70654e-29	1.70654e-29	1.70654e-29	1.70654e-29	1.70654e-29	1.70654e-29	1.70654e-29	1.70654e-29	1.70654e-29	1.70654e-29	1.70654e-29
21.60	0.00000e+00	4.87882e-29	9.30025e-28	9.62045e-28	9.62052e-28	9.62052e-28	9.62052e-28	9.62052e-28	9.62052e-28	9.62052e-28	9.62052e-28	9.62052e-28	9.62052e-28	9.62052e-28	9.62052e-28	9.62052e-28	9.62052e-28	9.62052e-28	9.62052e-28	9.62052e-28	9.62052e-28	9.62052e-28	9.62052e-28	9.62052e-28	9.62052e-28	9.62052e-28	9.62052e-28	9.62052e-28	9.62052e-28	9.62052e-28	9.62052e-28	9.62052e-28	9.62052e-28	9.62052e-28	9.62052e-28	9.62052e-28	9.62052e-28	9.62052e-28	9.62052e-28	9.62052e-28	9.62052e-28	9.62052e-28	9.62052e-28	9.62052e-28	9.62052e-28	9.62052e-28	9.62052e-28	9.62052e-28	9.62052e-28	9.62052e-28	9.62052e-28	9.62052e-28	9.62052e-28	9.62052e-28	9.62052e-28	9.62052e-28	9.62052e-28	9.62052e-28	9.62052e-28	9.62052e-28
21.66	0.00000e+00	1.02021e-27	3.17208e-26	3.42119e-26	3.42140e-26	3.42140e-26	3.42140e-26	3.42140e-26	3.42140e-26	3.42140e-26	3.42140e-26	3.42140e-26	3.42140e-26	3.42140e-26	3.42140e-26	3.42140e-26	3.42140e-26	3.42140e-26	3.42140e-26	3.42140e-26	3.42140e-26	3.42140e-26	3.42140e-26	3.42140e-26	3.42140e-26	3.42140e-26	3.42140e-26	3.42140e-26	3.42140e-26	3.42140e-26	3.42140e-26	3.42140e-26	3.42140e-26	3.42140e-26	3.42140e-26	3.42140e-26	3.42140e-26	3.42140e-26	3.42140e-26	3.42140e-26	3.42140e-26	3.42140e-26	3.42140e-26	3.42140e-26	3.42140e-26	3.42140e-26	3.42140e-26	3.42140e-26	3.42140e-26	3.42140e-26	3.42140e-26	3.42140e-26	3.42140e-26	3.42140e-26	3.42140e-26	3.42140e-26	3.42140e-26	3.42140e-26	3.42140e-26	3.42140e-26
21.72	0.00000e+00	1.38372e-26	6.99395e-25	8.09103e-25	8.09409e-25	8.09409e-25	8.09409e-25	8.09409e-25	8.09409e-25	8.09409e-25	8.09409e-25	8.09409e-25	8.09409e-25	8.09409e-25	8.09409e-25	8.09409e-25	8.09409e-25	8.09409e-25	8.09409e-25	8.09409e-25	8.09409e-25	8.09409e-25	8.09409e-25	8.09409e-25	8.09409e-25	8.09409e-25	8.09409e-25	8.09409e-25	8.09409e-25	8.09409e-25	8.09409e-25	8.09409e-25	8.09409e-25	8.09409e-25	8.09409e-25	8.09409e-25	8.09409e-25	8.09409e-25	8.09409e-25	8.09409e-25	8.09409e-25	8.09409e-25	8.09409e-25	8.09409e-25	8.09409e-25	8.09409e-25	8.09409e-25	8.09409e-25	8.09409e-25	8.09409e-25	8.09409e-25	8.09409e-25	8.09409e-25	8.09409e-25	8.09409e-25	8.09409e-25	8.09409e-25	8.09409e-25	8.09409e-25	8.09409e-25
21.78	0.00000e+00	1.28819e-25	1.03885e-23	1.33353e-23	1.33583e-23	1.33583e-23	1.33583e-23	1.33583e-23	1.33583e-23	1.33583e-23	1.33583e-23	1.33583e-23	1.33583e-23	1.33583e-23	1.33583e-23	1.33583e-23	1.33583e-23	1.33583e-23	1.33583e-23	1.33583e-23	1.33583e-23	1.33583e-23	1.33583e-23	1.33583e-23	1.33583e-23	1.33583e-23	1.33583e-23	1.33583e-23	1.33583e-23	1.33583e-23	1.33583e-23	1.33583e-23	1.33583e-23	1.33583e-23	1.33583e-23	1.33583e-23	1.33583e-23	1.33583e-23	1.33583e-23	1.33583e-23	1.33583e-23	1.33583e-23	1.33583e-23	1.33583e-23	1.33583e-23	1.33583e-23	1.33583e-23	1.33583e-23	1.33583e-23	1.33583e-23	1.33583e-23	1.33583e-23	1.33583e-23	1.33583e-23	1.33583e-23	1.33583e-23	1.33583e-23	1.33583e-23	1.33583e-23	1.33583e-23
21.84	0.00000e+00	8.64518e-25	1.08087e-22	1.59554e-22	1.60525e-22	1.60526e-22	1.60526e-22	1.60526e-22	1.60526e-22	1.60526e-22	1.60526e-22	1.60526e-22	1.60526e-22	1.60526e-22	1.60526e-22	1.60526e-22	1.60526e-22	1.60526e-22	1.60526e-22	1.60526e-22	1.60526e-22	1.60526e-22	1.60526e-22	1.60526e-22	1.60526e-22	1.60526e-22	1.60526e-22	1.60526e-22	1.60526e-22	1.60526e-22	1.60526e-22	1.60526e-22	1.60526e-22	1.60526e-22	1.60526e-22	1.60526e-22	1.60526e-22	1.60526e-22	1.60526e-22	1.60526e-22	1.60526e-22	1.60526e-22	1.60526e-22	1.60526e-22	1.60526e-22	1.60526e-22	1.60526e-22	1.60526e-22	1.60526e-22	1.60526e-22	1.60526e-22	1.60526e-22	1.60526e-22	1.60526e-22	1.60526e-22	1.60526e-22	1.60526e-22	1.60526e-22	1.60526e-22	1.60526e-22
21.90	0.00000e+00	4.36397e-24	8.17524e-22	1.43448e-21	1.45944e-21	1.45953e-21	1.45953e-21	1.45953e-21	1.45953e-21	1.45953e-21	1.45953e-21	1.45953e-21	1.45953e-21	1.45953e-21	1.45953e-21	1.45953e-21	1.45953e-21	1.45953e-21	1.45953e-21	1.45953e-21	1.45953e-21	1.45953e-21	1.45953e-21	1.45953e-21	1.45953e-21	1.45953e-21	1.45953e-21	1.45953e-21	1.45953e-21	1.45953e-21	1.45953e-21	1.45953e-21	1.45953e-21	1.45953e-21	1.45953e-21	1.45953e-21	1.45953e-21	1.45953e-21	1.45953e-21	1.45953e-21	1.45953e-21	1.45953e-21	1.45953e-21	1.45953e-21	1.45953e-21	1.45953e-21	1.45953e-21	1.45953e-21	1.45953e-21	1.45953e-21	1.45953e-21	1.45953e-21	1.45953e-21	1.45953e-21	1.45953e-21	1.45953e-21	1.45953e-21	1.45953e-21	1.45953e-21	1.45953e-21
21.96	0.00000e+00	1.71985e-23	4.65425e-21	9.96823e-21	1.03845e-20	1.03882e-20	1.03882e-20	1.03882e-20	1.03882e-20	1.03882e-20	1.03882e-20	1.03882e-20	1.03882e-20	1.03882e-20	1.03882e-20	1.03882e-20	1.03882e-20	1.03882e-20	1.03882e-20	1.03882e-20	1.03882e-20	1.03882e-20	1.03882e-20	1.03882e-20	1.03882e-20	1.03882e-20	1.03882e-20	1.03882e-20	1.03882e-20	1.03882e-20	1.03882e-20	1.03882e-20	1.03882e-20	1.03882e-20	1.03882e-20	1.03882e-20	1.03882e-20	1.03882e-20	1.03882e-20	1.03882e-20	1.03882e-20	1.03882e-20	1.03882e-20	1.03882e-20	1.03882e-20	1.03882e-20	1.03882e-20	1.03882e-20	1.03882e-20	1.03882e-20	1.03882e-20	1.03882e-20	1.03882e-20	1.03882e-20	1.03882e-20	1.03882e-20	1.03882e-20	1.03882e-20	1.03882e-20	1.03882e-20
22.02	0.00000e+00	5.46465e-23	2.05971e-20	5.47905e-20	5.95514e-20	5.96455e-20	5.96457e-20	5.96457e-20	5.96457e-20	5.96457e-20	5.96457e-20	5.96457e-20	5.96457e-20	5.96457e-20	5.96457e-20	5.96457e-20	5.96457e-20	5.96457e-20	5.96457e-20	5.96457e-20	5.96457e-20	5.96457e-20	5.96457e-20	5.96457e-20	5.96457e-20	5.96457e-20	5.96457e-20	5.96457e-20	5.96457e-20	5.96457e-20	5.96457e-20	5.96457e-20	5.96457e-20	5.96457e-20	5.96457e-20	5.96457e-20	5.96457e-20	5.96457e-20	5.96457e-20	5.96457e-20	5.96457e-20	5.96457e-20	5.96457e-20	5.96457e-20	5.96457e-20	5.96457e-20	5.96457e-20	5.96457e-20	5.96457e-20	5.96457e-20	5.96457e-20	5.96457e-20	5.96457e-20	5.96457e-20	5.96457e-20	5.96457e-20	5.96457e-20	5.96457e-20	5.96457e-20	5.96457e-20
22.08	0.00000e+00	1.44009e-22	7.29835e-20	2.42955e-19	2.82117e-19	2.83661e-19	2.83671e-19	2.83671e-19	2.83671e-19	2.83671e-19	2.83671e-19	2.83671e-19	2.83671e-19	2.83671e-19	2.83671e-19	2.83671e-19	2.83671e-19	2.83671e-19	2.83671e-19	2.83671e-19	2.83671e-19	2.83671e-19	2.83671e-19	2.83671e-19	2.83671e-19	2.83671e-19	2.83671e-19	2.83671e-19	2.83671e-19	2.83671e-19	2.83671e-19	2.83671e-19	2.83671e-19	2.83671e-19	2.83671e-19	2.83671e-19	2.83671e-19	2.83671e-19	2.83671e-19	2.83671e-19	2.83671e-19	2.83671e-19	2.83671e-19	2.83671e-19	2.83671e-19	2.83671e-19	2.83671e-19	2.83671e-19	2.83671e-19	2.83671e-19	2.83671e-19	2.83671e-19	2.83671e-19	2.83671e-19	2.83671e-19	2.83671e-19	2.83671e-19	2.83671e-19	2.83671e-19	2.83671e-19
22.14	0.00000e+00	3.22490e-22	2.12640e-19	8.84867e-19	1.12608e-18	1.14346e-18	1.14371e-18	1.14371e-18	1.14371e-18	1.14371e-18	1.14371e-18	1.14371e-18	1.14371e-18	1.14371e-18	1.14371e-18	1.14371e-18	1.14371e-18	1.14371e-18	1.14371e-18	1.14371e-18	1.14371e-18	1.14371e-18	1.14371e-18	1.14371e-18	1.14371e-18	1.14371e-18	1.14371e-18	1.14371e-18	1.14371e-18	1.14371e-18	1.14371e-18	1.14371e-18	1.14371e-18	1.14371e-18	1.14371e-18	1.14371e-18	1.14371e-18	1.14371e-18	1.14371e-18	1.14371e-18	1.14371e-18	1.14371e-18	1.14371e-18	1.14371e-18	1.14371e-18	1.14371e-18	1.14371e-18	1.14371e-18	1.14371e-18	1.14371e-18	1.14371e-18	1.14371e-18	1.14371e-18	1.14371e-18	1.14371e-18	1.14371e-18	1.14371e-18	1.14371e-18	1.14371e-18	1.14371e-18
22.20	0.00000e+00	6.27083e-22	5.21773e-19	2.69293e-18	3.84467e-18	3.98528e-18	3.98936e-18	3.98938e-18	3.98938e-18	3.98938e-18	3.98938e-18	3.98938e-18	3.98938e-18	3.98938e-18	3.98938e-18	3.98938e-18	3.98938e-18	3.98938e-18	3.98938e-18	3.98938e-18	3.98938e-18	3.98938e-18	3.98938e-18	3.98938e-18	3.98938e-18	3.98938e-18	3.98938e-18	3.98938e-18	3.98938e-18	3.98938e-18	3.98938e-18	3.98938e-18	3.98938e-18	3.98938e-18	3.98938e-18	3.98938e-18	3.98938e-18	3.98938e-18	3.98938e-18	3.98938e-18	3.98938e-18	3.98938e-18	3.98938e-18	3.98938e-18	3.98938e-18	3.98938e-18	3.98938e-18	3.98938e-18	3.98938e-18	3.98938e-18	3.98938e-18	3.98938e-18	3.98938e-18	3.98938e-18	3.98938e-18	3.98938e-18	3.98938e-18	3.98938e-18	3.98938e-18	3.98938e-18
22.26	0.00000e+00	1.07874e-21	1.10155e-18	6.96335e-18	1.13566e-17	1.22087e-17	1.22542e-17	1.22548e-17	1.22548e-17	1.22548e-17	1.22548e-17	1.22548e-17	1.22548e-17	1.22548e-17	1.22548e-17	1.22548e-17	1.22548e-17	1.22548e-17	1.22548e-17	1.22548e-17	1.22548e-17	1.22548e-17	1.22548e-17	1.22548e-17	1.22548e-17	1.22548e-17	1.22548e-17	1.22548e-17	1.22548e-17	1.22548e-17	1.22548e-17	1.22548e-17	1.22548e-17	1.22548e-17	1.22548e-17	1.22548e-17	1.22548e-17	1.22548e-17	1.22548e-17	1.22548e-17	1.22548e-17	1.22548e-17	1.22548e-17	1.22548e-17	1.22548e-17	1.22548e-17	1.22548e-17	1.22548e-17	1.22548e-17	1.22548e-17	1.22548e-17	1.22548e-17	1.22548e-17	1.22548e-17	1.22548e-17	1.22548e-17	1.22548e-17	1.22548e-17	1.22548e-17	1.22548e-17
22.32	0.00000e+00	1.66910e-21	2.03935e-18	1.55493e-17	2.92931e-17	3.32993e-17	3.36639e-17	3.36728e-17	3.36728e-17	3.36728e-17	3.36728e-17	3.36728e-17	3.36728e-17	3.36728e-17	3.36728e-17	3.36728e-17	3.36728e-17	3.36728e-17	3.36728e-17	3.36728e-17	3.36728e-17	3.36728e-17	3.36728e-17	3.36728e-17	3.36728e-17	3.36728e-17	3.36728e-17	3.36728e-17	3.36728e-17	3.36728e-17	3.36728e-17	3.36728e-17	3.36728e-17	3.36728e-17	3.36728e-17	3.36728e-17	3.36728e-17	3.36728e-17	3.36728e-17	3.36728e-17	3.36728e-17	3.36728e-17	3.36728e-17	3.36728e-17	3.36728e-17	3.36728e-17	3.36728e-17	3.36728e-17	3.36728e-17	3.36728e-17	3.36728e-17	3.36728e-17	3.36728e-17	3.36728e-17	3.36728e-17	3.36728e-17	3.36728e-17	3.36728e-17	3.36728e-17	3.36728e-17
22.39	0.00000e+00	2.35616e-21	3.36716e-18	3.04537e-17	6.65458e-17	8.16076e-17	8.37969e-17	8.38953e-17	8.38964e-17	8.38964e-17	8.38964e-17	8.38964e-17	8.38964e-17	8.38964e-17	8.38964e-17	8.38964e-17	8.38964e-17	8.38964e-17	8.38964e-17	8.38964e-17	8.38964e-17	8.38964e-17	8.38964e-17	8.38964e-17	8.38964e-17	8.38964e-17	8.38964e-17	8.38964e-17	8.38964e-17	8.38964e-17	8.38964e-17	8.38964e-17	8.38964e-17	8.38964e-17	8.38964e-17	8.38964e-17	8.38964e-17	8.38964e-17	8.38964e-17	8.38964e-17	8.38964e-17	8.38964e-17	8.38964e-17	8.38964e-17	8.38964e-17	8.38964e-17	8.38964e-17	8.38964e-17	8.38964e-17	8.38964e-17	8.38964e-17	8.38964e-17	8.38964e-17	8.38964e-17	8.38964e-17	8.38964e-17	8.38964e-17	8.38964e-17	8.38964e-17	8.38964e-17
22.45	0.00000e+00	3.07390e-21	5.03373e-18	5.30860e-17	1.34309e-16	1.80810e-16	1.91011e-16	1.91795e-16	1.91812e-16	1.91812e-16	1.91812e-16	1.91812e-16	1.91812e-16	1.91812e-16	1.91812e-16	1.91812e-16	1.91812e-16	1.91812e-16	1.91812e-16	1.91812e-16	1.91812e-16	1.91812e-16	1.91812e-16	1.91812e-16	1.91812e-16	1.91812e-16	1.91812e-16	1.91812e-16	1.91812e-16	1.91812e-16	1.91812e-16	1.91812e-16	1.91812e-16	1.91812e-16	1.91812e-16	1.91812e-16	1.91812e-16	1.91812e-16	1.91812e-16	1.91812e-16	1.91812e-16	1.91812e-16	1.91812e-16	1.91812e-16	1.91812e-16	1.91812e-16	1.91812e-16	1.91812e-16	1.91812e-16	1.91812e-16	1.91812e-16	1.91812e-16	1.91812e-16	1.91812e-16	1.91812e-16	1.91812e-16	1.91812e-16	1.91812e-16	1.91812e-16	1.91812e-16
22.51	0.00000e+00	3.74758e-21	6.90459e-18	8.34923e-17	2.43055e-16	3.63732e-16	4.01769e-16	4.06447e-16	4.06637e-16	4.06639e-16	4.06639e-16	4.06639e-16	4.06639e-16	4.06639e-16	4.06639e-16	4.06639e-16	4.06639e-16	4.06639e-16	4.06639e-16	4.06639e-16	4.06639e-16	4.06639e-16	4.06639e-16	4.06639e-16	4.06639e-16	4.06639e-16	4.06639e-16	4.06639e-16	4.06639e-16	4.06639e-16	4.06639e-16	4.06639e-16	4.06639e-16	4.06639e-16	4.06639e-16	4.06639e-16	4.06639e-16	4.06639e-16	4.06639e-16	4.06639e-16	4.06639e-16	4.06639e-16	4.06639e-16	4.06639e-16	4.06639e-16	4.06639e-16	4.06639e-16	4.06639e-16	4.06639e-16	4.06639e-16	4.06639e-16	4.06639e-16	4.06639e-16	4.06639e-16	4.06639e-16	4.06639e-16	4.06639e-16	4.06639e-16	4.06639e-16	4.06639e-16
22.57	0.00000e+00	4.31128e-21	8.79282e-18	1.19983e-16	3.98189e-16	6.66935e-16	7.83481e-16	8.05156e-16	8.06656e-16	8.06687e-16	8.06687e-16	8.06687e-16	8.06687e-16	8.06687e-16	8.06687e-16	8.06687e-16	8.06687e-16	8.06687e-16	8.06687e-16	8.06687e-16	8.06687e-16	8.06687e-16	8.06687e-16	8.06687e-16	8.06687e-16	8.06687e-16	8.06687e-16	8.06687e-16	8.06687e-16	8.06687e-16	8.06687e-16	8.06687e-16	8.06687e-16	8.06687e-16	8.06687e-16	8.06687e-16	8.06687e-16	8.06687e-16	8.06687e-16	8.06687e-16	8.06687e-16	8.06687e-16	8.06687e-16	8.06687e-16	8.06687e-16	8.06687e-16	8.06687e-16	8.06687e-16	8.06687e-16	8.06687e-16	8.06687e-16	8.06687e-16	8.06687e-16	8.06687e-16	8.06687e-16	8.06687e-16	8.06687e-16	8.06687e-16	8.06687e-16	8.06687e-16
22.63	0.00000e+00	4.71860e-21	1.05039e-17	1.59353e-16	5.96314e-16	1.11945e-15	1.41984e-15	1.50024e-15	1.50915e-15	1.50949e-15	1.50949e-15	1.50949e-15	1.50949e-15	1.50949e-15	1.50949e-15	1.50949e-15	1.50949e-15	1.50949e-15	1.50949e-15	1.50949e-15	1.50949e-15	1.50949e-15	1.50949e-15	1.50949e-15	1.50949e-15	1.50949e-15	1.50949e-15	1.50949e-15	1.50949e-15	1.50949e-15	1.50949e-15	1.50949e-15	1.50949e-15	1.50949e-15	1.50949e-15	1.50949e-15	1.50949e-15	1.50949e-15	1.50949e-15	1.50949e-15	1.50949e-15	1.50949e-15	1.50949e-15	1.50949e-15	1.50949e-15	1.50949e-15	1.50949e-15	1.50949e-15	1.50949e-15	1.50949e-15	1.50949e-15	1.50949e-15	1.50949e-15	1.50949e-15	1.50949e-15	1.50949e-15	1.50949e-15	1.50949e-15	1.50949e-15	1.50949e-15
22.69	0.00000e+00	4.94904e-21	1.18779e-17	1.97632e-16	8.24195e-16	1.72908e-15	2.39400e-15	2.63912e-15	2.68026e-15	2.68291e-15	2.68296e-15	2.68296e-15	2.68296e-15	2.68296e-15	2.68296e-15	2.68296e-15	2.68296e-15	2.68296e-15	2.68296e-15	2.68296e-15	2.68296e-15	2.68296e-15	2.68296e-15	2.68296e-15	2.68296e-15	2.68296e-15	2.68296e-15	2.68296e-15	2.68296e-15	2.68296e-15	2.68296e-15	2.68296e-15	2.68296e-15	2.68296e-15	2.68296e-15	2.68296e-15	2.68296e-15	2.68296e-15	2.68296e-15	2.68296e-15	2.68296e-15	2.68296e-15	2.68296e-15	2.68296e-15	2.68296e-15	2.68296e-15	2.68296e-15	2.68296e-15	2.68296e-15	2.68296e-15	2.68296e-15	2.68296e-15	2.68296e-15	2.68296e-15	2.68296e-15	2.68296e-15	2.68296e-15	2.68296e-15	2.68296e-15	2.68296e-15
22.75	0.00000e+00	5.00472e-21	1.28137e-17	2.30998e-16	1.06105e-15	2.47257e-15	3.75999e-15	4.38900e-15	4.54097e-15	4.55666e-15	4.55723e-15	4.55723e-15	4.55723e-15	4.55723e-15	4.55723e-15	4.55723e-15	4.55723e-15	4.55723e-15	4.55723e-15	4.55723e-15	4.55723e-15	4.55723e-15	4.55723e-15	4.55723e-15	4.55723e-15	4.55723e-15	4.55723e-15	4.55723e-15	4.55723e-15	4.55723e-15	4.55723e-15	4.55723e-15	4.55723e-15	4.55723e-15	4.55723e-15	4.55723e-15	4.55723e-15	4.55723e-15	4.55723e-15	4.55723e-15	4.55723e-15	4.55723e-15	4.55723e-15	4.55723e-15	4.55723e-15	4.55723e-15	4.55723e-15	4.55723e-15	4.55723e-15	4.55723e-15	4.55723e-15	4.55723e-15	4.55723e-15	4.55723e-15	4.55723e-15	4.55723e-15	4.55723e-15	4.55723e-15	4.55723e-15	4.55723e-15
22.81	0.00000e+00	4.90494e-21	1.32760e-17	2.56535e-16	1.28330e-15	3.29540e-15	5.51193e-15	6.89873e-15	7.36040e-15	7.43259e-15	7.43701e-15	7.43709e-15	7.43709e-15	7.43709e-15	7.43709e-15	7.43709e-15	7.43709e-15	7.43709e-15	7.43709e-15	7.43709e-15	7.43709e-15	7.43709e-15	7.43709e-15	7.43709e-15	7.43709e-15	7.43709e-15	7.43709e-15	7.43709e-15	7.43709e-15	7.43709e-15	7.43709e-15	7.43709e-15	7.43709e-15	7.43709e-15	7.43709e-15	7.43709e-15	7.43709e-15	7.43709e-15	7.43709e-15	7.43709e-15	7.43709e-15	7.43709e-15	7.43709e-15	7.43709e-15	7.43709e-15	7.43709e-15	7.43709e-15	7.43709e-15	7.43709e-15	7.43709e-15	7.43709e-15	7.43709e-15	7.43709e-15	7.43709e-15	7.43709e-15	7.43709e-15	7.43709e-15	7.43709e-15	7.43709e-15	7.43709e-15
22.87	0.00000e+00	4.67943e-21	1.32866e-17	2.72616e-16	1.46973e-15	4.12191e-15	7.56551e-15	1.02413e-14	1.14221e-14	1.16879e-14	1.17140e-14	1.17149e-14	1.17149e-14	1.17149e-14	1.17149e-14	1.17149e-14	1.17149e-14	1.17149e-14	1.17149e-14	1.17149e-14	1.17149e-14	1.17149e-14	1.17149e-14	1.17149e-14	1.17149e-14	1.17149e-14	1.17149e-14	1.17149e-14	1.17149e-14	1.17149e-14	1.17149e-14	1.17149e-14	1.17149e-14	1.17149e-14	1.17149e-14	1.17149e-14	1.17149e-14	1.17149e-14	1.17149e-14	1.17149e-14	1.17149e-14	1.17149e-14	1.17149e-14	1.17149e-14	1.17149e-14	1.17149e-14	1.17149e-14	1.17149e-14	1.17149e-14	1.17149e-14	1.17149e-14	1.17149e-14	1.17149e-14	1.17149e-14	1.17149e-14	1.17149e-14	1.17149e-14	1.17149e-14	1.17149e-14	1.17149e-14
22.93	0.00000e+00	4.36183e-21	1.29070e-17	2.78924e-16	1.60530e-15	4.87198e-15	9.76371e-15	1.43563e-14	1.69520e-14	1.77572e-14	1.78770e-14	1.78840e-14	1.78842e-14	1.78842e-14	1.78842e-14	1.78842e-14	1.78842e-14	1.78842e-14	1.78842e-14	1.78842e-14	1.78842e-14	1.78842e-14	1.78842e-14	1.78842e-14	1.78842e-14	1.78842e-14	1.78842e-14	1.78842e-14	1.78842e-14	1.78842e-14	1.78842e-14	1.78842e-14	1.78842e-14	1.78842e-14	1.78842e-14	1.78842e-14	1.78842e-14	1.78842e-14	1.78842e-14	1.78842e-14	1.78842e-14	1.78842e-14	1.78842e-14	1.78842e-14	1.78842e-14	1.78842e-14	1.78842e-14	1.78842e-14	1.78842e-14	1.78842e-14	1.78842e-14	1.78842e-14	1.78842e-14	1.78842e-14	1.78842e-14	1.78842e-14	1.78842e-14	1.78842e-14	1.78842e-14	1.78842e-14
22.99	0.00000e+00	3.98491e-21	1.22208e-17	2.76212e-16	1.68276e-15	5.47753e-15	1.19062e-14	1.90222e-14	2.40172e-14	2.60714e-14	2.65112e-14	2.65528e-14	2.65542e-14	2.65542e-14	2.65542e-14	2.65542e-14	2.65542e-14	2.65542e-14	2.65542e-14	2.65542e-14	2.65542e-14	2.65542e-14	2.65542e-14	2.65542e-14	2.65542e-14	2.65542e-14	2.65542e-14	2.65542e-14	2.65542e-14	2.65542e-14	2.65542e-14	2.65542e-14	2.65542e-14	2.65542e-14	2.65542e-14	2.65542e-14	2.65542e-14	2.65542e-14	2.65542e-14	2.65542e-14	2.65542e-14	2.65542e-14	2.65542e-14	2.65542e-14	2.65542e-14	2.65542e-14	2.65542e-14	2.65542e-14	2.65542e-14	2.65542e-14	2.65542e-14	2.65542e-14	2.65542e-14	2.65542e-14	2.65542e-14	2.65542e-14	2.65542e-14	2.65542e-14	2.65542e-14	2.65542e-14
23.05	0.00000e+00	3.57761e-21	1.13175e-17	2.65935e-16	1.70232e-15	5.89380e-15	1.37918e-14	2.38768e-14	3.24306e-14	3.69357e-14	3.82647e-14	3.84549e-14	3.84658e-14	3.84660e-14	3.84660e-14	3.84660e-14	3.84660e-14	3.84660e-14	3.84660e-14	3.84660e-14	3.84660e-14	3.84660e-14	3.84660e-14	3.84660e-14	3.84660e-14	3.84660e-14	3.84660e-14	3.84660e-14	3.84660e-14	3.84660e-14	3.84660e-14	3.84660e-14	3.84660e-14	3.84660e-14	3.84660e-14	3.84660e-14	3.84660e-14	3.84660e-14	3.84660e-14	3.84660e-14	3.84660e-14	3.84660e-14	3.84660e-14	3.84660e-14	3.84660e-14	3.84660e-14	3.84660e-14	3.84660e-14	3.84660e-14	3.84660e-14	3.84660e-14	3.84660e-14	3.84660e-14	3.84660e-14	3.84660e-14	3.84660e-14	3.84660e-14	3.84660e-14	3.84660e-14	3.84660e-14
23.11	0.00000e+00	3.16347e-21	1.02817e-17	2.49892e-16	1.66993e-15	6.10308e-15	1.52579e-14	2.84849e-14	4.17120e-14	5.03638e-14	5.37467e-14	5.44438e-14	5.45078e-14	5.45099e-14	5.45099e-14	5.45099e-14	5.45099e-14	5.45099e-14	5.45099e-14	5.45099e-14	5.45099e-14	5.45099e-14	5.45099e-14	5.45099e-14	5.45099e-14	5.45099e-14	5.45099e-14	5.45099e-14	5.45099e-14	5.45099e-14	5.45099e-14	5.45099e-14	5.45099e-14	5.45099e-14	5.45099e-14	5.45099e-14	5.45099e-14	5.45099e-14	5.45099e-14	5.45099e-14	5.45099e-14	5.45099e-14	5.45099e-14	5.45099e-14	5.45099e-14	5.45099e-14	5.45099e-14	5.45099e-14	5.45099e-14	5.45099e-14	5.45099e-14	5.45099e-14	5.45099e-14	5.45099e-14	5.45099e-14	5.45099e-14	5.45099e-14	5.45099e-14	5.45099e-14	5.45099e-14
23.18	0.00000e+00	2.76034e-21	9.18605e-18	2.29927e-16	1.59512e-15	6.11214e-15	1.62053e-14	3.24275e-14	5.11408e-14	6.59298e-14	7.33345e-14	7.54365e-14	7.57285e-14	7.57448e-14	7.57451e-14	7.57451e-14	7.57451e-14	7.57451e-14	7.57451e-14	7.57451e-14	7.57451e-14	7.57451e-14	7.57451e-14	7.57451e-14	7.57451e-14	7.57451e-14	7.57451e-14	7.57451e-14	7.57451e-14	7.57451e-14	7.57451e-14	7.57451e-14	7.57451e-14	7.57451e-14	7.57451e-14	7.57451e-14	7.57451e-14	7.57451e-14	7.57451e-14	7.57451e-14	7.57451e-14	7.57451e-14	7.57451e-14	7.57451e-14	7.57451e-14	7.57451e-14	7.57451e-14	7.57451e-14	7.57451e-14	7.57451e-14	7.57451e-14	7.57451e-14	7.57451e-14	7.57451e-14	7.57451e-14	7.57451e-14	7.57451e-14	7.57451e-14	7.57451e-14	7.57451e-14
23.24	0.00000e+00	2.38061e-21	8.08842e-18	2.07723e-16	1.48890e-15	5.94597e-15	1.66042e-14	3.53803e-14	5.98872e-14	8.27197e-14	9.69154e-14	1.02255e-13	1.03323e-13	1.03419e-13	1.03422e-13	1.03422e-13	1.03422e-13	1.03422e-13	1.03422e-13	1.03422e-13	1.03422e-13	1.03422e-13	1.03422e-13	1.03422e-13	1.03422e-13	1.03422e-13	1.03422e-13	1.03422e-13	1.03422e-13	1.03422e-13	1.03422e-13	1.03422e-13	1.03422e-13	1.03422e-13	1.03422e-13	1.03422e-13	1.03422e-13	1.03422e-13	1.03422e-13	1.03422e-13	1.03422e-13	1.03422e-13	1.03422e-13	1.03422e-13	1.03422e-13	1.03422e-13	1.03422e-13	1.03422e-13	1.03422e-13	1.03422e-13	1.03422e-13	1.03422e-13	1.03422e-13	1.03422e-13	1.03422e-13	1.03422e-13	1.03422e-13	1.03422e-13	1.03422e-13	1.03422e-13
23.30	0.00000e+00	2.03206e-21	7.03164e-18	1.84697e-16	1.36217e-15	5.64007e-15	1.64853e-14	3.71598e-14	6.71775e-14	9.94361e-14	1.23664e-13	1.35333e-13	1.38546e-13	1.38981e-13	1.39005e-13	1.39005e-13	1.39005e-13	1.39005e-13	1.39005e-13	1.39005e-13	1.39005e-13	1.39005e-13	1.39005e-13	1.39005e-13	1.39005e-13	1.39005e-13	1.39005e-13	1.39005e-13	1.39005e-13	1.39005e-13	1.39005e-13	1.39005e-13	1.39005e-13	1.39005e-13	1.39005e-13	1.39005e-13	1.39005e-13	1.39005e-13	1.39005e-13	1.39005e-13	1.39005e-13	1.39005e-13	1.39005e-13	1.39005e-13	1.39005e-13	1.39005e-13	1.39005e-13	1.39005e-13	1.39005e-13	1.39005e-13	1.39005e-13	1.39005e-13	1.39005e-13	1.39005e-13	1.39005e-13	1.39005e-13	1.39005e-13	1.39005e-13	1.39005e-13	1.39005e-13
23.36	0.00000e+00	1.71883e-21	6.04463e-18	1.61951e-16	1.22465e-15	5.23363e-15	1.59226e-14	3.77311e-14	7.24362e-14	1.14632e-13	1.51988e-13	1.74324e-13	1.82471e-13	1.84058e-13	1.84197e-13	1.84202e-13	1.84202e-13	1.84202e-13	1.84202e-13	1.84202e-13	1.84202e-13	1.84202e-13	1.84202e-13	1.84202e-13	1.84202e-13	1.84202e-13	1.84202e-13	1.84202e-13	1.84202e-13	1.84202e-13	1.84202e-13	1.84202e-13	1.84202e-13	1.84202e-13	1.84202e-13	1.84202e-13	1.84202e-13	1.84202e-13	1.84202e-13	1.84202e-13	1.84202e-13	1.84202e-13	1.84202e-13	1.84202e-13	1.84202e-13	1.84202e-13	1.84202e-13	1.84202e-13	1.84202e-13	1.84202e-13	1.84202e-13	1.84202e-13	1.84202e-13	1.84202e-13	1.84202e-13	1.84202e-13	1.84202e-13	1.84202e-13	1.84202e-13	1.84202e-13
23.42	0.00000e+00	1.44216e-21	5.14492e-18	1.40280e-16	1.08434e-15	4.76434e-15	1.50134e-14	3.71842e-14	7.53622e-14	1.26993e-13	1.79710e-13	2.17780e-13	2.35555e-13	2.40323e-13	2.40955e-13	2.40989e-13	2.40989e-13	2.40989e-13	2.40989e-13	2.40989e-13	2.40989e-13	2.40989e-13	2.40989e-13	2.40989e-13	2.40989e-13	2.40989e-13	2.40989e-13	2.40989e-13	2.40989e-13	2.40989e-13	2.40989e-13	2.40989e-13	2.40989e-13	2.40989e-13	2.40989e-13	2.40989e-13	2.40989e-13	2.40989e-13	2.40989e-13	2.40989e-13	2.40989e-13	2.40989e-13	2.40989e-13	2.40989e-13	2.40989e-13	2.40989e-13	2.40989e-13	2.40989e-13	2.40989e-13	2.40989e-13	2.40989e-13	2.40989e-13	2.40989e-13	2.40989e-13	2.40989e-13	2.40989e-13	2.40989e-13	2.40989e-13	2.40989e-13	2.40989e-13
23.48	0.00000e+00	1.20133e-21	4.34083e-18	1.20205e-16	9.47360e-16	4.26516e-15	1.38618e-14	3.56959e-14	7.59355e-14	1.35577e-13	2.04463e-13	2.63092e-13	2.97068e-13	3.09141e-13	3.11441e-13	3.11639e-13	3.11645e-13	3.11645e-13	3.11645e-13	3.11645e-13	3.11645e-13	3.11645e-13	3.11645e-13	3.11645e-13	3.11645e-13	3.11645e-13	3.11645e-13	3.11645e-13	3.11645e-13	3.11645e-13	3.11645e-13	3.11645e-13	3.11645e-13	3.11645e-13	3.11645e-13	3.11645e-13	3.11645e-13	3.11645e-13	3.11645e-13	3.11645e-13	3.11645e-13	3.11645e-13	3.11645e-13	3.11645e-13	3.11645e-13	3.11645e-13	3.11645e-13	3.11645e-13	3.11645e-13	3.11645e-13	3.11645e-13	3.11645e-13	3.11645e-13	3.11645e-13	3.11645e-13	3.11645e-13	3.11645e-13	3.11645e-13	3.11645e-13	3.11645e-13
23.54	0.00000e+00	9.94287e-22	3.63393e-18	1.02026e-16	8.18003e-16	3.76273e-15	1.25654e-14	3.34869e-14	7.43666e-14	1.39927e-13	2.24144e-13	3.06797e-13	3.64636e-13	3.90936e-13	3.97833e-13	3.98729e-13	3.98776e-13	3.98777e-13	3.98777e-13	3.98777e-13	3.98777e-13	3.98777e-13	3.98777e-13	3.98777e-13	3.98777e-13	3.98777e-13	3.98777e-13	3.98777e-13	3.98777e-13	3.98777e-13	3.98777e-13	3.98777e-13	3.98777e-13	3.98777e-13	3.98777e-13	3.98777e-13	3.98777e-13	3.98777e-13	3.98777e-13	3.98777e-13	3.98777e-13	3.98777e-13	3.98777e-13	3.98777e-13	3.98777e-13	3.98777e-13	3.98777e-13	3.98777e-13	3.98777e-13	3.98777e-13	3.98777e-13	3.98777e-13	3.98777e-13	3.98777e-13	3.98777e-13	3.98777e-13	3.98777e-13	3.98777e-13	3.98777e-13	3.98777e-13
23.60	0.00000e+00	8.18167e-22	3.02102e-18	8.58674e-17	6.99011e-16	3.27701e-15	1.12082e-14	3.07865e-14	7.10216e-14	1.40077e-13	2.37288e-13	3.45198e-13	4.34175e-13	4.84382e-13	5.01816e-13	5.05070e-13	5.05344e-13	5.05352e-13	5.05353e-13	5.05353e-13	5.05353e-13	5.05353e-13	5.05353e-13	5.05353e-13	5.05353e-13	5.05353e-13	5.05353e-13	5.05353e-13	5.05353e-13	5.05353e-13	5.05353e-13	5.05353e-13	5.05353e-13	5.05353e-13	5.05353e-13	5.05353e-13	5.05353e-13	5.05353e-13	5.05353e-13	5.05353e-13	5.05353e-13	5.05353e-13	5.05353e-13	5.05353e-13	5.05353e-13	5.05353e-13	5.05353e-13	5.05353e-13	5.05353e-13	5.05353e-13	5.05353e-13	5.05353e-13	5.05353e-13	5.05353e-13	5.05353e-13	5.05353e-13	5.05353e-13	5.05353e-13	5.05353e-13	5.05353e-13
23.66	0.00000e+00	6.69742e-22	2.49586e-18	7.17256e-17	5.91859e-16	2.82179e-15	9.85728e-15	2.78066e-14	6.63404e-14	1.36456e-13	2.43245e-13	3.75072e-13	5.00390e-13	5.85761e-13	6.23686e-13	6.33426e-13	6.34665e-13	6.34729e-13	6.34730e-13	6.34730e-13	6.34730e-13	6.34730e-13	6.34730e-13	6.34730e-13	6.34730e-13	6.34730e-13	6.34730e-13	6.34730e-13	6.34730e-13	6.34730e-13	6.34730e-13	6.34730e-13	6.34730e-13	6.34730e-13	6.34730e-13	6.34730e-13	6.34730e-13	6.34730e-13	6.34730e-13	6.34730e-13	6.34730e-13	6.34730e-13	6.34730e-13	6.34730e-13	6.34730e-13	6.34730e-13	6.34730e-13	6.34730e-13	6.34730e-13	6.34730e-13	6.34730e-13	6.34730e-13	6.34730e-13	6.34730e-13	6.34730e-13	6.34730e-13	6.34730e-13	6.34730e-13	6.34730e-13	6.34730e-13
23.72	0.00000e+00	5.45671e-22	2.05045e-18	5.95110e-17	4.97054e-16	2.40552e-15	8.56186e-15	2.47272e-14	6.07711e-14	1.29748e-13	2.42170e-13	3.94235e-13	5.57715e-13	6.88913e-13	7.61220e-13	7.85802e-13	7.90299e-13	7.90670e-13	7.90681e-13	7.90681e-13	7.90681e-13	7.90681e-13	7.90681e-13	7.90681e-13	7.90681e-13	7.90681e-13	7.90681e-13	7.90681e-13	7.90681e-13	7.90681e-13	7.90681e-13	7.90681e-13	7.90681e-13	7.90681e-13	7.90681e-13	7.90681e-13	7.90681e-13	7.90681e-13	7.90681e-13	7.90681e-13	7.90681e-13	7.90681e-13	7.90681e-13	7.90681e-13	7.90681e-13	7.90681e-13	7.90681e-13	7.90681e-13	7.90681e-13	7.90681e-13	7.90681e-13	7.90681e-13	7.90681e-13	7.90681e-13	7.90681e-13	7.90681e-13	7.90681e-13	7.90681e-13	7.90681e-13	7.90681e-13
23.78	0.00000e+00	4.42691e-22	1.67604e-18	4.90794e-17	4.14403e-16	2.03249e-15	7.35535e-15	2.16895e-14	5.47221e-14	1.20756e-13	2.34850e-13	4.01805e-13	6.01377e-13	7.85998e-13	9.08812e-13	9.62210e-13	9.75644e-13	9.77322e-13	9.77407e-13	9.77408e-13	9.77408e-13	9.77408e-13	9.77408e-13	9.77408e-13	9.77408e-13	9.77408e-13	9.77408e-13	9.77408e-13	9.77408e-13	9.77408e-13	9.77408e-13	9.77408e-13	9.77408e-13	9.77408e-13	9.77408e-13	9.77408e-13	9.77408e-13	9.77408e-13	9.77408e-13	9.77408e-13	9.77408e-13	9.77408e-13	9.77408e-13	9.77408e-13	9.77408e-13	9.77408e-13	9.77408e-13	9.77408e-13	9.77408e-13	9.77408e-13	9.77408e-13	9.77408e-13	9.77408e-13	9.77408e-13	9.77408e-13	9.77408e-13	9.77408e-13	9.77408e-13	9.77408e-13	9.77408e-13
23.84	0.00000e+00	3.57758e-22	1.36375e-18	4.02572e-17	3.43250e-16	1.70375e-15	6.25758e-15	1.87964e-14	4.85360e-14	1.10281e-13	2.22478e-13	3.98154e-13	6.28226e-13	8.68884e-13	1.05744e-12	1.15912e-12	1.19298e-12	1.19905e-12	1.19954e-12	1.19955e-12	1.19955e-12	1.19955e-12	1.19955e-12	1.19955e-12	1.19955e-12	1.19955e-12	1.19955e-12	1.19955e-12	1.19955e-12	1.19955e-12	1.19955e-12	1.19955e-12	1.19955e-12	1.19955e-12	1.19955e-12	1.19955e-12	1.19955e-12	1.19955e-12	1.19955e-12	1.19955e-12	1.19955e-12	1.19955e-12	1.19955e-12	1.19955e-12	1.19955e-12	1.19955e-12	1.19955e-12	1.19955e-12	1.19955e-12	1.19955e-12	1.19955e-12	1.19955e-12	1.19955e-12	1.19955e-12	1.19955e-12	1.19955e-12	1.19955e-12	1.19955e-12	1.19955e-12	1.19955e-12
23.90	0.00000e+00	2.88101e-22	1.10506e-18	3.28595e-17	2.82653e-16	1.41810e-15	5.27776e-15	1.61158e-14	4.24791e-14	9.90484e-14	2.06420e-13	3.84636e-13	6.37106e-13	9.30701e-13	1.19581e-12	1.36833e-12	1.44177e-12	1.45988e-12	1.46209e-12	1.46220e-12	1.46220e-12	1.46220e-12	1.46220e-12	1.46220e-12	1.46220e-12	1.46220e-12	1.46220e-12	1.46220e-12	1.46220e-12	1.46220e-12	1.46220e-12	1.46220e-12	1.46220e-12	1.46220e-12	1.46220e-12	1.46220e-12	1.46220e-12	1.46220e-12	1.46220e-12	1.46220e-12	1.46220e-12	1.46220e-12	1.46220e-12	1.46220e-12	1.46220e-12	1.46220e-12	1.46220e-12	1.46220e-12	1.46220e-12	1.46220e-12	1.46220e-12	1.46220e-12	1.46220e-12	1.46220e-12	1.46220e-12	1.46220e-12	1.46220e-12	1.46220e-12	1.46220e-12	1.46220e-12
23.96	0.00000e+00	2.31261e-22	8.92081e-19	2.67026e-17	2.31530e-16	1.17289e-15	4.41716e-15	1.36870e-14	3.67424e-14	8.76590e-14	1.88027e-13	3.63217e-13	6.28758e-13	9.67031e-13	1.31236e-12	1.57697e-12	1.71664e-12	1.76220e-12	1.77021e-12	1.77085e-12	1.77086e-12	1.77086e-12	1.77086e-12	1.77086e-12	1.77086e-12	1.77086e-12	1.77086e-12	1.77086e-12	1.77086e-12	1.77086e-12	1.77086e-12	1.77086e-12	1.77086e-12	1.77086e-12	1.77086e-12	1.77086e-12	1.77086e-12	1.77086e-12	1.77086e-12	1.77086e-12	1.77086e-12	1.77086e-12	1.77086e-12	1.77086e-12	1.77086e-12	1.77086e-12	1.77086e-12	1.77086e-12	1.77086e-12	1.77086e-12	1.77086e-12	1.77086e-12	1.77086e-12	1.77086e-12	1.77086e-12	1.77086e-12	1.77086e-12	1.77086e-12	1.77086e-12	1.77086e-12
24.02	0.00000e+00	1.85088e-22	7.17680e-19	2.16122e-17	1.88752e-16	9.64558e-16	3.67147e-15	1.15264e-14	3.14503e-14	7.65758e-14	1.68507e-13	3.36111e-13	6.05387e-13	9.76412e-13	1.39743e-12	1.76917e-12	2.00588e-12	2.10458e-12	2.12842e-12	2.13129e-12	2.13143e-12	2.13143e-12	2.13143e-12	2.13143e-12	2.13143e-12	2.13143e-12	2.13143e-12	2.13143e-12	2.13143e-12	2.13143e-12	2.13143e-12	2.13143e-12	2.13143e-12	2.13143e-12	2.13143e-12	2.13143e-12	2.13143e-12	2.13143e-12	2.13143e-12	2.13143e-12	2.13143e-12	2.13143e-12	2.13143e-12	2.13143e-12	2.13143e-12	2.13143e-12	2.13143e-12	2.13143e-12	2.13143e-12	2.13143e-12	2.13143e-12	2.13143e-12	2.13143e-12	2.13143e-12	2.13143e-12	2.13143e-12	2.13143e-12	2.13143e-12	2.13143e-12	2.13143e-12
24.09	0.00000e+00	1.47733e-22	5.75565e-19	1.74283e-17	1.53216e-16	7.89167e-16	3.03283e-15	9.63406e-15	2.66717e-14	6.61272e-14	1.48853e-13	3.05484e-13	5.70101e-13	9.60172e-13	1.44500e-12	1.92886e-12	2.29158e-12	2.47907e-12	2.53897e-12	2.54931e-12	2.55011e-12	2.55014e-12	2.55014e-12	2.55014e-12	2.55014e-12	2.55014e-12	2.55014e-12	2.55014e-12	2.55014e-12	2.55014e-12	2.55014e-12	2.55014e-12	2.55014e-12	2.55014e-12	2.55014e-12	2.55014e-12	2.55014e-12	2.55014e-12	2.55014e-12	2.55014e-12	2.55014e-12	2.55014e-12	2.55014e-12	2.55014e-12	2.55014e-12	2.55014e-12	2.55014e-12	2.55014e-12	2.55014e-12	2.55014e-12	2.55014e-12	2.55014e-12	2.55014e-12	2.55014e-12	2.55014e-12	2.55014e-12	2.55014e-12	2.55014e-12	2.55014e-12	2.55014e-12
24.15	0.00000e+00	1.17623e-22	4.60267e-19	1.40075e-17	1.23884e-16	6.42677e-16	2.49138e-15	7.99822e-15	2.24329e-14	5.65232e-14	1.29826e-13	2.73257e-13	5.26345e-13	9.21761e-13	1.45328e-12	2.04283e-12	2.55198e-12	2.86940e-12	2.99897e-12	3.02969e-12	3.03331e-12	3.03348e-12	3.03349e-12	3.03349e-12	3.03349e-12	3.03349e-12	3.03349e-12	3.03349e-12	3.03349e-12	3.03349e-12	3.03349e-12	3.03349e-12	3.03349e-12	3.03349e-12	3.03349e-12	3.03349e-12	3.03349e-12	3.03349e-12	3.03349e-12	3.03349e-12	3.03349e-12	3.03349e-12	3.03349e-12	3.03349e-12	3.03349e-12	3.03349e-12	3.03349e-12	3.03349e-12	3.03349e-12	3.03349e-12	3.03349e-12	3.03349e-12	3.03349e-12	3.03349e-12	3.03349e-12	3.03349e-12	3.03349e-12	3.03349e-12	3.03349e-12	3.03349e-12
24.21	0.00000e+00	9.34362e-23	3.67095e-19	1.12238e-17	9.98100e-17	5.21180e-16	2.03633e-15	6.60002e-15	1.87289e-14	4.78762e-14	1.11957e-13	2.41001e-13	4.77462e-13	8.65916e-13	1.42449e-12	2.10303e-12	2.76528e-12	3.25122e-12	3.49706e-12	3.57409e-12	3.58713e-12	3.58813e-12	3.58816e-12	3.58816e-12	3.58816e-12	3.58816e-12	3.58816e-12	3.58816e-12	3.58816e-12	3.58816e-12	3.58816e-12	3.58816e-12	3.58816e-12	3.58816e-12	3.58816e-12	3.58816e-12	3.58816e-12	3.58816e-12	3.58816e-12	3.58816e-12	3.58816e-12	3.58816e-12	3.58816e-12	3.58816e-12	3.58816e-12	3.58816e-12	3.58816e-12	3.58816e-12	3.58816e-12	3.58816e-12	3.58816e-12	3.58816e-12	3.58816e-12	3.58816e-12	3.58816e-12	3.58816e-12	3.58816e-12	3.58816e-12	3.58816e-12	3.58816e-12
24.27	0.00000e+00	7.40653e-23	2.92073e-19	8.96819e-18	8.01529e-17	4.21036e-16	1.65684e-15	5.41662e-15	1.55333e-14	4.02241e-14	9.55831e-14	2.09908e-13	4.26395e-13	7.97827e-13	1.36386e-12	2.10740e-12	2.91381e-12	3.59535e-12	4.01111e-12	4.17753e-12	4.21622e-12	4.22070e-12	4.22091e-12	4.22092e-12	4.22092e-12	4.22092e-12	4.22092e-12	4.22092e-12	4.22092e-12	4.22092e-12	4.22092e-12	4.22092e-12	4.22092e-12	4.22092e-12	4.22092e-12	4.22092e-12	4.22092e-12	4.22092e-12	4.22092e-12	4.22092e-12	4.22092e-12	4.22092e-12	4.22092e-12	4.22092e-12	4.22092e-12	4.22092e-12	4.22092e-12	4.22092e-12	4.22092e-12	4.22092e-12	4.22092e-12	4.22092e-12	4.22092e-12	4.22092e-12	4.22092e-12	4.22092e-12	4.22092e-12	4.22092e-12	4.22092e-12	4.22092e-12
24.33	0.00000e+00	5.85949e-23	2.31863e-19	7.14744e-18	6.41754e-17	3.38950e-16	1.34253e-15	4.42354e-15	1.28065e-14	3.35507e-14	8.08764e-14	1.80804e-13	3.75541e-13	7.22489e-13	1.27840e-12	2.05948e-12	2.98711e-12	3.87295e-12	4.50885e-12	4.82420e-12	4.92111e-12	4.93721e-12	4.93842e-12	4.93846e-12	4.93846e-12	4.93846e-12	4.93846e-12	4.93846e-12	4.93846e-12	4.93846e-12	4.93846e-12	4.93846e-12	4.93846e-12	4.93846e-12	4.93846e-12	4.93846e-12	4.93846e-12	4.93846e-12	4.93846e-12	4.93846e-12	4.93846e-12	4.93846e-12	4.93846e-12	4.93846e-12	4.93846e-12	4.93846e-12	4.93846e-12	4.93846e-12	4.93846e-12	4.93846e-12	4.93846e-12	4.93846e-12	4.93846e-12	4.93846e-12	4.93846e-12	4.93846e-12	4.93846e-12	4.93846e-12	4.93846e-12	4.93846e-12
24.39	0.00000e+00	4.62717e-23	1.83684e-19	5.68285e-18	5.12423e-17	2.71999e-16	1.08377e-15	3.59646e-15	1.05020e-14	2.78028e-14	6.78880e-14	1.54203e-13	3.26699e-13	6.44279e-13	1.17569e-12	1.96693e-12	2.98297e-12	4.06098e-12	4.95211e-12	5.48486e-12	5.69391e-12	5.74162e-12	5.74705e-12	5.74731e-12	5.74731e-12	5.74731e-12	5.74731e-12	5.74731e-12	5.74731e-12	5.74731e-12	5.74731e-12	5.74731e-12	5.74731e-12	5.74731e-12	5.74731e-12	5.74731e-12	5.74731e-12	5.74731e-12	5.74731e-12	5.74731e-12	5.74731e-12	5.74731e-12	5.74731e-12	5.74731e-12	5.74731e-12	5.74731e-12	5.74731e-12	5.74731e-12	5.74731e-12	5.74731e-12	5.74731e-12	5.74731e-12	5.74731e-12	5.74731e-12	5.74731e-12	5.74731e-12	5.74731e-12	5.74731e-12	5.74731e-12	5.74731e-12
24.45	0.00000e+00	3.64784e-23	1.45236e-19	4.50849e-18	4.08128e-17	2.17636e-16	8.71895e-16	2.91219e-15	8.57047e-15	2.29050e-14	5.65793e-14	1.30360e-13	2.81112e-13	5.66735e-13	1.06301e-12	1.83986e-12	2.90678e-12	4.14618e-12	5.30362e-12	6.11771e-12	6.51338e-12	6.63269e-12	6.65217e-12	6.65362e-12	6.65366e-12	6.65366e-12	6.65366e-12	6.65366e-12	6.65366e-12	6.65366e-12	6.65366e-12	6.65366e-12	6.65366e-12	6.65366e-12	6.65366e-12	6.65366e-12	6.65366e-12	6.65366e-12	6.65366e-12	6.65366e-12	6.65366e-12	6.65366e-12	6.65366e-12	6.65366e-12	6.65366e-12	6.65366e-12	6.65366e-12	6.65366e-12	6.65366e-12	6.65366e-12	6.65366e-12	6.65366e-12	6.65366e-12	6.65366e-12	6.65366e-12	6.65366e-12	6.65366e-12	6.65366e-12	6.65366e-12	6.65366e-12
24.51	0.00000e+00	2.87125e-23	1.14632e-19	3.56957e-18	3.24306e-17	1.73671e-16	6.99248e-16	2.34943e-15	6.96357e-15	1.87707e-14	4.68527e-14	1.09339e-13	2.39538e-13	4.92503e-13	9.46680e-13	1.68911e-12	2.76955e-12	4.12645e-12	5.53412e-12	6.67402e-12	7.34176e-12	7.59881e-12	7.65644e-12	7.66290e-12	7.66320e-12	7.66320e-12	7.66320e-12	7.66320e-12	7.66320e-12	7.66320e-12	7.66320e-12	7.66320e-12	7.66320e-12	7.66320e-12	7.66320e-12	7.66320e-12	7.66320e-12	7.66320e-12	7.66320e-12	7.66320e-12	7.66320e-12	7.66320e-12	7.66320e-12	7.66320e-12	7.66320e-12	7.66320e-12	7.66320e-12	7.66320e-12	7.66320e-12	7.66320e-12	7.66320e-12	7.66320e-12	7.66320e-12	7.66320e-12	7.66320e-12	7.66320e-12	7.66320e-12	7.66320e-12	7.66320e-12	7.66320e-12
24.57	0.00000e+00	2.25666e-23	9.03271e-20	2.82088e-18	2.57148e-17	1.38246e-16	5.59181e-16	1.88905e-15	5.63542e-15	1.53092e-14	3.85746e-14	9.10622e-14	2.02343e-13	4.23391e-13	8.31797e-13	1.52499e-12	2.58547e-12	4.00976e-12	5.62733e-12	7.10685e-12	8.12627e-12	8.61222e-12	8.75612e-12	8.77924e-12	8.78094e-12	8.78098e-12	8.78098e-12	8.78098e-12	8.78098e-12	8.78098e-12	8.78098e-12	8.78098e-12	8.78098e-12	8.78098e-12	8.78098e-12	8.78098e-12	8.78098e-12	8.78098e-12	8.78098e-12	8.78098e-12	8.78098e-12	8.78098e-12	8.78098e-12	8.78098e-12	8.78098e-12	8.78098e-12	8.78098e-12	8.78098e-12	8.78098e-12	8.78098e-12	8.78098e-12	8.78098e-12	8.78098e-12	8.78098e-12	8.78098e-12	8.78098e-12	8.78098e-12	8.78098e-12	8.78098e-12	8.78098e-12
24.63	0.00000e+00	1.77118e-23	7.10655e-20	2.22534e-18	2.03493e-17	1.09797e-16	4.45993e-16	1.51421e-15	4.54404e-15	1.24321e-14	3.15939e-14	7.53613e-14	1.69598e-13	3.60487e-13	7.22143e-13	1.35641e-12	2.36965e-12	3.81151e-12	5.58162e-12	7.37991e-12	8.80620e-12	9.62543e-12	9.93507e-12	1.00033e-11	1.00109e-11	1.00112e-11	1.00112e-11	1.00112e-11	1.00112e-11	1.00112e-11	1.00112e-11	1.00112e-11	1.00112e-11	1.00112e-11	1.00112e-11	1.00112e-11	1.00112e-11	1.00112e-11	1.00112e-11	1.00112e-11	1.00112e-11	1.00112e-11	1.00112e-11	1.00112e-11	1.00112e-11	1.00112e-11	1.00112e-11	1.00112e-11	1.00112e-11	1.00112e-11	1.00112e-11	1.00112e-11	1.00112e-11	1.00112e-11	1.00112e-11	1.00112e-11	1.00112e-11	1.00112e-11	1.00112e-11	1.00112e-11
24.69	0.00000e+00	1.38836e-23	5.58306e-20	1.75269e-18	1.60737e-17	8.70187e-17	3.54854e-16	1.21033e-15	3.65188e-15	1.00561e-14	2.57546e-14	6.20123e-14	1.41163e-13	3.04298e-13	6.20284e-13	1.19054e-12	2.13637e-12	3.55119e-12	5.40850e-12	7.47385e-12	9.32378e-12	1.05734e-11	1.11581e-11	1.13283e-11	1.13553e-11	1.13572e-11	1.13573e-11	1.13573e-11	1.13573e-11	1.13573e-11	1.13573e-11	1.13573e-11	1.13573e-11	1.13573e-11	1.13573e-11	1.13573e-11	1.13573e-11	1.13573e-11	1.13573e-11	1.13573e-11	1.13573e-11	1.13573e-11	1.13573e-11	1.13573e-11	1.13573e-11	1.13573e-11	1.13573e-11	1.13573e-11	1.13573e-11	1.13573e-11	1.13573e-11	1.13573e-11	1.13573e-11	1.13573e-11	1.13573e-11	1.13573e-11	1.13573e-11	1.13573e-11	1.13573e-11	1.13573e-11
24.75	0.00000e+00	1.08697e-23	4.38027e-20	1.37834e-18	1.26747e-17	6.88316e-17	2.81707e-16	9.64918e-16	2.92598e-15	8.10496e-15	2.09049e-14	5.07654e-14	1.16761e-13	2.54897e-13	5.27740e-13	1.03265e-12	1.89793e-12	3.24938e-12	5.12895e-12	7.38806e-12	9.63523e-12	1.13822e-11	1.23669e-11	1.27327e-11	1.28122e-11	1.28209e-11	1.28213e-11	1.28213e-11	1.28213e-11	1.28213e-11	1.28213e-11	1.28213e-11	1.28213e-11	1.28213e-11	1.28213e-11	1.28213e-11	1.28213e-11	1.28213e-11	1.28213e-11	1.28213e-11	1.28213e-11	1.28213e-11	1.28213e-11	1.28213e-11	1.28213e-11	1.28213e-11	1.28213e-11	1.28213e-11	1.28213e-11	1.28213e-11	1.28213e-11	1.28213e-11	1.28213e-11	1.28213e-11	1.28213e-11	1.28213e-11	1.28213e-11	1.28213e-11	1.28213e-11	1.28213e-11
24.81	0.00000e+00	8.50037e-24	3.43226e-20	1.08241e-18	9.97860e-18	5.43473e-17	2.23176e-16	7.67431e-16	2.33784e-15	6.51104e-15	1.69025e-14	4.13647e-14	9.60330e-14	2.12046e-13	4.45196e-13	8.86288e-13	1.66411e-12	2.92538e-12	4.76918e-12	7.13866e-12	9.71822e-12	1.19825e-11	1.34831e-11	1.41732e-11	1.43711e-11	1.44020e-11	1.44042e-11	1.44043e-11	1.44043e-11	1.44043e-11	1.44043e-11	1.44043e-11	1.44043e-11	1.44043e-11	1.44043e-11	1.44043e-11	1.44043e-11	1.44043e-11	1.44043e-11	1.44043e-11	1.44043e-11	1.44043e-11	1.44043e-11	1.44043e-11	1.44043e-11	1.44043e-11	1.44043e-11	1.44043e-11	1.44043e-11	1.44043e-11	1.44043e-11	1.44043e-11	1.44043e-11	1.44043e-11	1.44043e-11	1.44043e-11	1.44043e-11	1.44043e-11	1.44043e-11	1.44043e-11
24.88	0.00000e+00	6.64044e-24	2.68625e-20	8.48893e-19	7.84433e-18	4.28388e-17	1.76466e-16	6.09016e-16	1.86313e-15	5.21489e-15	1.36179e-14	3.35623e-14	7.85823e-14	1.75307e-13	3.72711e-13	7.53537e-13	1.44213e-12	2.59576e-12	4.35655e-12	6.75365e-12	9.57395e-12	1.23228e-11	1.44191e-11	1.55802e-11	1.60049e-11	1.60959e-11	1.61057e-11	1.61061e-11	1.61061e-11	1.61061e-11	1.61061e-11	1.61061e-11	1.61061e-11	1.61061e-11	1.61061e-11	1.61061e-11	1.61061e-11	1.61061e-11	1.61061e-11	1.61061e-11	1.61061e-11	1.61061e-11	1.61061e-11	1.61061e-11	1.61061e-11	1.61061e-11	1.61061e-11	1.61061e-11	1.61061e-11	1.61061e-11	1.61061e-11	1.61061e-11	1.61061e-11	1.61061e-11	1.61061e-11	1.61061e-11	1.61061e-11	1.61061e-11	1.61061e-11	1.61061e-11
24.94	0.00000e+00	5.18227e-24	2.10004e-20	6.64931e-19	6.15799e-18	3.37145e-17	1.39284e-16	4.82314e-16	1.48131e-15	4.16526e-15	1.09361e-14	2.71268e-14	6.40058e-14	1.44124e-13	3.09901e-13	6.35292e-13	1.23677e-12	2.27364e-12	3.91658e-12	6.26738e-12	9.22434e-12	1.23782e-11	1.50934e-11	1.68614e-11	1.76617e-11	1.78878e-11	1.79227e-11	1.79252e-11	1.79252e-11	1.79252e-11	1.79252e-11	1.79252e-11	1.79252e-11	1.79252e-11	1.79252e-11	1.79252e-11	1.79252e-11	1.79252e-11	1.79252e-11	1.79252e-11	1.79252e-11	1.79252e-11	1.79252e-11	1.79252e-11	1.79252e-11	1.79252e-11	1.79252e-11	1.79252e-11	1.79252e-11	1.79252e-11	1.79252e-11	1.79252e-11	1.79252e-11	1.79252e-11	1.79252e-11	1.79252e-11	1.79252e-11	1.79252e-11	1.79252e-11	1.79252e-11
25.00	0.00000e+00	4.04046e-24	1.64004e-20	5.20231e-19	4.82789e-18	2.64948e-17	1.09755e-16	3.81249e-16	1.17517e-15	3.31847e-15	8.75628e-15	2.18483e-14	5.19148e-14	1.17889e-13	2.56094e-13	5.31574e-13	1.05082e-12	1.96860e-12	3.47106e-12	5.71547e-12	8.70591e-12	1.21526e-11	1.54470e-11	1.79149e-11	1.92600e-11	1.97449e-11	1.98474e-11	1.98583e-11	1.98588e-11	1.98588e-11	1.98588e-11	1.98588e-11	1.98588e-11	1.98588e-11	1.98588e-11	1.98588e-11	1.98588e-11	1.98588e-11	1.98588e-11	1.98588e-11	1.98588e-11	1.98588e-11	1.98588e-11	1.98588e-11	1.98588e-11	1.98588e-11	1.98588e-11	1.98588e-11	1.98588e-11	1.98588e-11	1.98588e-11	1.98588e-11	1.98588e-11	1.98588e-11	1.98588e-11	1.98588e-11	1.98588e-11	1.98588e-11	1.98588e-11	1.98588e-11
25.06	0.00000e+00	3.14742e-24	1.27954e-20	4.06575e-19	3.78048e-18	2.07927e-17	8.63520e-17	3.00831e-16	9.30421e-16	2.63765e-15	6.99186e-15	1.75404e-14	4.19471e-14	9.59882e-14	2.10457e-13	4.41783e-13	8.85402e-13	1.68699e-12	3.03715e-12	5.13090e-12	8.06275e-12	1.16751e-11	1.54530e-11	1.86475e-11	2.06940e-11	2.16065e-11	2.18610e-11	2.18999e-11	2.19026e-11	2.19027e-11	2.19027e-11	2.19027e-11	2.19027e-11	2.19027e-11	2.19027e-11	2.19027e-11	2.19027e-11	2.19027e-11	2.19027e-11	2.19027e-11	2.19027e-11	2.19027e-11	2.19027e-11	2.19027e-11	2.19027e-11	2.19027e-11	2.19027e-11	2.19027e-11	2.19027e-11	2.19027e-11	2.19027e-11	2.19027e-11	2.19027e-11	2.19027e-11	2.19027e-11	2.19027e-11	2.19027e-11	2.19027e-11	2.19027e-11	2.19027e-11
25.12	0.00000e+00	2.44969e-24	9.97350e-21	3.17423e-19	2.95692e-18	1.62969e-17	6.78416e-17	2.36988e-16	7.35264e-16	2.09199e-15	5.56896e-15	1.40405e-14	3.37752e-14	7.78313e-14	1.72087e-13	3.64925e-13	7.40466e-13	1.43238e-12	2.62731e-12	4.54167e-12	7.34016e-12	1.09922e-11	1.51192e-11	1.89929e-11	2.18474e-11	2.33798e-11	2.39249e-11	2.40389e-11	2.40509e-11	2.40514e-11	2.40514e-11	2.40514e-11	2.40514e-11	2.40514e-11	2.40514e-11	2.40514e-11	2.40514e-11	2.40514e-11	2.40514e-11	2.40514e-11	2.40514e-11	2.40514e-11	2.40514e-11	2.40514e-11	2.40514e-11	2.40514e-11	2.40514e-11	2.40514e-11	2.40514e-11	2.40514e-11	2.40514e-11	2.40514e-11	2.40514e-11	2.40514e-11	2.40514e-11	2.40514e-11	2.40514e-11	2.40514e-11	2.40514e-11	2.40514e-11
25.18	0.00000e+00	1.90510e-24	7.76712e-21	2.47580e-19	2.31029e-18	1.27578e-17	5.32272e-17	1.86409e-16	5.80031e-16	1.65589e-15	4.42537e-15	1.12085e-14	2.71087e-14	6.28700e-14	1.40074e-13	2.99783e-13	6.15107e-13	1.20619e-12	2.24970e-12	3.96974e-12	6.57983e-12	1.01593e-11	1.44830e-11	1.89231e-11	2.26158e-11	2.49451e-11	2.59700e-11	2.62527e-11	2.62954e-11	2.62983e-11	2.62984e-11	2.62984e-11	2.62984e-11	2.62984e-11	2.62984e-11	2.62984e-11	2.62984e-11	2.62984e-11	2.62984e-11	2.62984e-11	2.62984e-11	2.62984e-11	2.62984e-11	2.62984e-11	2.62984e-11	2.62984e-11	2.62984e-11	2.62984e-11	2.62984e-11	2.62984e-11	2.62984e-11	2.62984e-11	2.62984e-11	2.62984e-11	2.62984e-11	2.62984e-11	2.62984e-11	2.62984e-11	2.62984e-11	2.62984e-11
25.24	0.00000e+00	1.48046e-24	6.04381e-21	1.92927e-19	1.80323e-18	9.97608e-18	4.17082e-17	1.46416e-16	4.56831e-16	1.30827e-15	3.50909e-15	8.92548e-15	2.16944e-14	5.06091e-14	1.13545e-13	2.45045e-13	5.07889e-13	1.00822e-12	1.90886e-12	3.43093e-12	5.81696e-12	9.23281e-12	1.36027e-11	1.84509e-11	2.29263e-11	2.61730e-11	2.78926e-11	2.84972e-11	2.86223e-11	2.86354e-11	2.86360e-11	2.86360e-11	2.86360e-11	2.86360e-11	2.86360e-11	2.86360e-11	2.86360e-11	2.86360e-11	2.86360e-11	2.86360e-11	2.86360e-11	2.86360e-11	2.86360e-11	2.86360e-11	2.86360e-11	2.86360e-11	2.86360e-11	2.86360e-11	2.86360e-11	2.86360e-11	2.86360e-11	2.86360e-11	2.86360e-11	2.86360e-11	2.86360e-11	2.86360e-11	2.86360e-11	2.86360e-11	2.86360e-11	2.86360e-11
25.30	0.00000e+00	1.14964e-24	4.69914e-21	1.50209e-19	1.40612e-18	7.79260e-18	3.26434e-17	1.14850e-16	3.59255e-16	1.03185e-15	2.77701e-15	7.09115e-15	1.73149e-14	4.06105e-14	9.16950e-14	1.99400e-13	4.17074e-13	8.37146e-13	1.60646e-12	2.93550e-12	5.07898e-12	8.26421e-12	1.25461e-11	1.76237e-11	2.27510e-11	2.69484e-11	2.95602e-11	3.06958e-11	3.10058e-11	3.10522e-11	3.10554e-11	3.10555e-11	3.10555e-11	3.10555e-11	3.10555e-11	3.10555e-11	3.10555e-11	3.10555e-11	3.10555e-11	3.10555e-11	3.10555e-11	3.10555e-11	3.10555e-11	3.10555e-11	3.10555e-11	3.10555e-11	3.10555e-11	3.10555e-11	3.10555e-11	3.10555e-11	3.10555e-11	3.10555e-11	3.10555e-11	3.10555e-11	3.10555e-11	3.10555e-11	3.10555e-11	3.10555e-11	3.10555e-11	3.10555e-11
25.36	0.00000e+00	8.92128e-25	3.65092e-21	1.16854e-19	1.09547e-18	6.08094e-18	2.55203e-17	8.99763e-17	2.82123e-16	8.12524e-16	2.19362e-15	5.62184e-15	1.37853e-14	3.24927e-14	7.37953e-14	1.61592e-13	3.40809e-13	6.90942e-13	1.34209e-12	2.48904e-12	4.38555e-12	7.29682e-12	1.13820e-11	1.65123e-11	2.21086e-11	2.71929e-11	3.08309e-11	3.27345e-11	3.33968e-11	3.35326e-11	3.35468e-11	3.35474e-11	3.35474e-11	3.35474e-11	3.35474e-11	3.35474e-11	3.35474e-11	3.35474e-11	3.35474e-11	3.35474e-11	3.35474e-11	3.35474e-11	3.35474e-11	3.35474e-11	3.35474e-11	3.35474e-11	3.35474e-11	3.35474e-11	3.35474e-11	3.35474e-11	3.35474e-11	3.35474e-11	3.35474e-11	3.35474e-11	3.35474e-11	3.35474e-11	3.35474e-11	3.35474e-11	3.35474e-11	3.35474e-11
25.42	0.00000e+00	6.91850e-25	2.83450e-21	9.08353e-20	8.52730e-19	4.74078e-18	1.99306e-17	7.04074e-17	2.21258e-16	6.38860e-16	1.72983e-15	4.44820e-15	1.09502e-14	2.59283e-14	5.92033e-14	1.30464e-13	2.77244e-13	5.67190e-13	1.11384e-12	2.09346e-12	3.74925e-12	6.36418e-12	1.01728e-11	1.51984e-11	2.10574e-11	2.68796e-11	3.15800e-11	3.44692e-11	3.57119e-11	3.60480e-11	3.60980e-11	3.61014e-11	3.61015e-11	3.61015e-11	3.61015e-11	3.61015e-11	3.61015e-11	3.61015e-11	3.61015e-11	3.61015e-11	3.61015e-11	3.61015e-11	3.61015e-11	3.61015e-11	3.61015e-11	3.61015e-11	3.61015e-11	3.61015e-11	3.61015e-11	3.61015e-11	3.61015e-11	3.61015e-11	3.61015e-11	3.61015e-11	3.61015e-11	3.61015e-11	3.61015e-11	3.61015e-11	3.61015e-11	3.61015e-11
25.48	0.00000e+00	5.36202e-25	2.19917e-21	7.05578e-20	6.63238e-19	3.69269e-18	1.55499e-17	5.50338e-17	1.73310e-16	5.01612e-16	1.36192e-15	3.51315e-15	8.67985e-15	2.06393e-14	4.73597e-14	1.04973e-13	2.24616e-13	4.63324e-13	9.18934e-13	1.74801e-12	3.17679e-12	5.49011e-12	8.97052e-12	1.37642e-11	1.96821e-11	2.60345e-11	3.17252e-11	3.57468e-11	3.78280e-11	3.85454e-11	3.86915e-11	3.87066e-11	3.87073e-11	3.87073e-11	3.87073e-11	3.87073e-11	3.87073e-11	3.87073e-11	3.87073e-11	3.87073e-11	3.87073e-11	3.87073e-11	3.87073e-11	3.87073e-11	3.87073e-11	3.87073e-11	3.87073e-11	3.87073e-11	3.87073e-11	3.87073e-11	3.87073e-11	3.87073e-11	3.87073e-11	3.87073e-11	3.87073e-11	3.87073e-11	3.87073e-11	3.87073e-11	3.87073e-11	3.87073e-11
25.54	0.00000e+00	4.15322e-25	1.70515e-21	5.47687e-20	5.15460e-19	2.87389e-18	1.21207e-17	4.29725e-17	1.35595e-16	3.93333e-16	1.07067e-15	2.76995e-15	6.86674e-15	1.63919e-14	3.77850e-14	8.41986e-14	1.81304e-13	3.76797e-13	7.54066e-13	1.45004e-12	2.67026e-12	4.68971e-12	7.81537e-12	1.22836e-11	1.80794e-11	2.47276e-11	3.12413e-11	3.64343e-11	3.95907e-11	4.09356e-11	4.12966e-11	4.13499e-11	4.13536e-11	4.13537e-11	4.13537e-11	4.13537e-11	4.13537e-11	4.13537e-11	4.13537e-11	4.13537e-11	4.13537e-11	4.13537e-11	4.13537e-11	4.13537e-11	4.13537e-11	4.13537e-11	4.13537e-11	4.13537e-11	4.13537e-11	4.13537e-11	4.13537e-11	4.13537e-11	4.13537e-11	4.13537e-11	4.13537e-11	4.13537e-11	4.13537e-11	4.13537e-11	4.13537e-11	4.13537e-11
25.60	0.00000e+00	3.21512e-25	1.32130e-21	4.24845e-20	4.00318e-19	2.23486e-18	9.43947e-18	3.35217e-17	1.05971e-16	3.08049e-16	8.40531e-16	2.18051e-15	5.42252e-15	1.29913e-14	3.00724e-14	6.73423e-14	1.45848e-13	3.05191e-13	6.15773e-13	1.19580e-12	2.22841e-12	3.97081e-12	6.73558e-12	1.08181e-11	1.63451e-11	2.30582e-11	3.01623e-11	3.64462e-11	4.08368e-11	4.30874e-11	4.38571e-11	4.40128e-11	4.40288e-11	4.40295e-11	4.40295e-11	4.40295e-11	4.40295e-11	4.40295e-11	4.40295e-11	4.40295e-11	4.40295e-11	4.40295e-11	4.40295e-11	4.40295e-11	4.40295e-11	4.40295e-11	4.40295e-11	4.40295e-11	4.40295e-11	4.40295e-11	4.40295e-11	4.40295e-11	4.40295e-11	4.40295e-11	4.40295e-11	4.40295e-11	4.40295e-11	4.40295e-11	4.40295e-11	4.40295e-11
25.66	0.00000e+00	2.48757e-25	1.02325e-21	3.29347e-20	3.10682e-19	1.73661e-18	7.34523e-18	2.61253e-17	8.27342e-17	2.40979e-16	6.59005e-16	1.71398e-15	4.27481e-15	1.02761e-14	2.38802e-14	5.37186e-14	1.16961e-13	2.46283e-13	5.00626e-13	9.80887e-13	1.84766e-12	3.33558e-12	5.74885e-12	9.41471e-12	1.45655e-11	2.11383e-11	2.85709e-11	3.57605e-11	4.14267e-11	4.48375e-11	4.62789e-11	4.66633e-11	4.67198e-11	4.67237e-11	4.67238e-11	4.67238e-11	4.67238e-11	4.67238e-11	4.67238e-11	4.67238e-11	4.67238e-11	4.67238e-11	4.67238e-11	4.67238e-11	4.67238e-11	4.67238e-11	4.67238e-11	4.67238e-11	4.67238e-11	4.67238e-11	4.67238e-11	4.67238e-11	4.67238e-11	4.67238e-11	4.67238e-11	4.67238e-11	4.67238e-11	4.67238e-11	4.67238e-11	4.67238e-11
25.73	0.00000e+00	1.92367e-25	7.92001e-22	2.55162e-20	2.40958e-19	1.34847e-18	5.71110e-18	2.03432e-17	6.45301e-17	1.88307e-16	5.16052e-16	1.34540e-15	3.36473e-15	8.11379e-15	1.89234e-14	4.27471e-14	9.35290e-14	1.98076e-13	4.05378e-13	8.00725e-13	1.52304e-12	2.78209e-12	4.86406e-12	8.10625e-12	1.28116e-11	1.90783e-11	2.65813e-11	3.44195e-11	4.12727e-11	4.60142e-11	4.84245e-11	4.92431e-11	4.94078e-11	4.94247e-11	4.94254e-11	4.94254e-11	4.94254e-11	4.94254e-11	4.94254e-11	4.94254e-11	4.94254e-11	4.94254e-11	4.94254e-11	4.94254e-11	4.94254e-11	4.94254e-11	4.94254e-11	4.94254e-11	4.94254e-11	4.94254e-11	4.94254e-11	4.94254e-11	4.94254e-11	4.94254e-11	4.94254e-11	4.94254e-11	4.94254e-11	4.94254e-11	4.94254e-11	4.94254e-11
25.79	0.00000e+00	1.48686e-25	6.12685e-22	1.97572e-20	1.86765e-19	1.04637e-18	4.43720e-18	1.58277e-17	5.02854e-17	1.46998e-16	4.03647e-16	1.05472e-15	2.64451e-15	6.39570e-15	1.49666e-14	3.39401e-14	7.45952e-14	1.58814e-13	3.27051e-13	6.50794e-13	1.24884e-12	2.30561e-12	4.08334e-12	6.91301e-12	1.11375e-11	1.69765e-11	2.43210e-11	3.25190e-11	4.03566e-11	4.64722e-11	5.01224e-11	5.16541e-11	5.20603e-11	5.21198e-11	5.21238e-11	5.21239e-11	5.21239e-11	5.21239e-11	5.21239e-11	5.21239e-11	5.21239e-11	5.21239e-11	5.21239e-11	5.21239e-11	5.21239e-11	5.21239e-11	5.21239e-11	5.21239e-11	5.21239e-11	5.21239e-11	5.21239e-11	5.21239e-11	5.21239e-11	5.21239e-11	5.21239e-11	5.21239e-11	5.21239e-11	5.21239e-11	5.21239e-11	5.21239e-11
25.85	0.00000e+00	1.14870e-25	4.73726e-22	1.52897e-20	1.44674e-19	8.11426e-19	3.44501e-18	1.23048e-17	3.91513e-17	1.14641e-16	3.15386e-16	8.25835e-16	2.07561e-15	5.03353e-15	1.18158e-14	2.68917e-14	5.93507e-14	1.26973e-13	2.62976e-13	5.26831e-13	1.01911e-12	1.89970e-12	3.40386e-12	5.84483e-12	9.58058e-12	1.49138e-11	2.19147e-11	3.01881e-11	3.87297e-11	4.61229e-11	5.11941e-11	5.37533e-11	5.46175e-11	5.47906e-11	5.48083e-11	5.48090e-11	5.48090e-11	5.48090e-11	5.48090e-11	5.48090e-11	5.48090e-11	5.48090e-11	5.48090e-11	5.48090e-11	5.48090e-11	5.48090e-11	5.48090e-11	5.48090e-11	5.48090e-11	5.48090e-11	5.48090e-11	5.48090e-11	5.48090e-11	5.48090e-11	5.48090e-11	5.48090e-11	5.48090e-11	5.48090e-11	5.48090e-11	5.48090e-11
25.91	0.00000e+00	8.87040e-26	3.66105e-22	1.18262e-20	1.12006e-19	6.28844e-19	2.67287e-18	9.55899e-18	3.04575e-17	8.93247e-17	2.46174e-16	6.45888e-16	1.62699e-15	3.95569e-15	9.31279e-15	2.12660e-14	4.71164e-14	1.01252e-13	2.10806e-13	4.24931e-13	8.28032e-13	1.55708e-12	2.81949e-12	4.90357e-12	8.16363e-12	1.29511e-11	1.94731e-11	2.75697e-11	3.65006e-11	4.49523e-11	5.14897e-11	5.53626e-11	5.69783e-11	5.74047e-11	5.74669e-11	5.74711e-11	5.74712e-11	5.74712e-11	5.74712e-11	5.74712e-11	5.74712e-11	5.74712e-11	5.74712e-11	5.74712e-11	5.74712e-11	5.74712e-11	5.74712e-11	5.74712e-11	5.74712e-11	5.74712e-11	5.74712e-11	5.74712e-11	5.74712e-11	5.74712e-11	5.74712e-11	5.74712e-11	5.74712e-11	5.74712e-11	5.74712e-11	5.74712e-11
25.97	0.00000e+00	6.84688e-26	2.82801e-22	9.14261e-21	8.66667e-20	4.87058e-19	2.07246e-18	7.42066e-18	2.36759e-17	6.95394e-17	1.91967e-16	5.04610e-16	1.27380e-15	3.10441e-15	7.32857e-15	1.67872e-14	3.73267e-14	8.05478e-14	1.68511e-13	3.41603e-13	6.70121e-13	1.27020e-12	2.32208e-12	4.08531e-12	6.89728e-12	1.11304e-11	1.70864e-11	2.48027e-11	3.38133e-11	4.30209e-11	5.09204e-11	5.62978e-11	5.89950e-11	5.99013e-11	6.00822e-11	6.01006e-11	6.01014e-11	6.01014e-11	6.01014e-11	6.01014e-11	6.01014e-11	6.01014e-11	6.01014e-11	6.01014e-11	6.01014e-11	6.01014e-11	6.01014e-11	6.01014e-11	6.01014e-11	6.01014e-11	6.01014e-11	6.01014e-11	6.01014e-11	6.01014e-11	6.01014e-11	6.01014e-11	6.01014e-11	6.01014e-11	6.01014e-11	6.01014e-11
26.03	0.00000e+00	5.28276e-26	2.18355e-22	7.06461e-21	6.70254e-20	3.77028e-19	1.60594e-18	5.75681e-18	1.83907e-17	5.40925e-17	1.49561e-16	3.93837e-16	9.96155e-16	2.43321e-15	5.75874e-15	1.32297e-14	2.95146e-14	6.39349e-14	1.34353e-13	2.73778e-13	5.40369e-13	1.03172e-12	1.90252e-12	3.38226e-12	5.78289e-12	9.47658e-12	1.48224e-11	2.20095e-11	3.08256e-11	4.04498e-11	4.94767e-11	5.64053e-11	6.04843e-11	6.21773e-11	6.26222e-11	6.26869e-11	6.26913e-11	6.26914e-11	6.26914e-11	6.26914e-11	6.26914e-11	6.26914e-11	6.26914e-11	6.26914e-11	6.26914e-11	6.26914e-11	6.26914e-11	6.26914e-11	6.26914e-11	6.26914e-11	6.26914e-11	6.26914e-11	6.26914e-11	6.26914e-11	6.26914e-11	6.26914e-11	6.26914e-11	6.26914e-11	6.26914e-11	6.26914e-11
26.09	0.00000e+00	4.07433e-26	1.68522e-22	5.45639e-21	5.18097e-20	2.91698e-19	1.24371e-18	4.46319e-18	1.42753e-17	4.20444e-17	1.16423e-16	3.07089e-16	7.78196e-16	1.90485e-15	4.51903e-15	1.04099e-14	2.32960e-14	5.06442e-14	1.06863e-13	2.18807e-13	4.34302e-13	8.34724e-13	1.55145e-12	2.78434e-12	4.81522e-12	8.00091e-12	1.27272e-11	1.92896e-11	2.76898e-11	3.73974e-11	4.72283e-11	5.55966e-11	6.12569e-11	6.40810e-11	6.50258e-11	6.52138e-11	6.52329e-11	6.52337e-11	6.52337e-11	6.52337e-11	6.52337e-11	6.52337e-11	6.52337e-11	6.52337e-11	6.52337e-11	6.52337e-11	6.52337e-11	6.52337e-11	6.52337e-11	6.52337e-11	6.52337e-11	6.52337e-11	6.52337e-11	6.52337e-11	6.52337e-11	6.52337e-11	6.52337e-11	6.52337e-11	6.52337e-11	6.52337e-11
26.15	0.00000e+00	3.14111e-26	1.30009e-22	4.21242e-21	4.00291e-20	2.25565e-19	9.62643e-19	3.45816e-18	1.10735e-17	3.26559e-17	9.05543e-17	2.39233e-16	6.07317e-16	1.48953e-15	3.54168e-15	8.17927e-15	1.83572e-14	4.00400e-14	8.48103e-14	1.74423e-13	3.47999e-13	6.72926e-13	1.25976e-12	2.28036e-12	3.98460e-12	6.70405e-12	1.08276e-11	1.67170e-11	2.45397e-11	3.40356e-11	4.43084e-11	5.38672e-11	6.11565e-11	6.54247e-11	6.71880e-11	6.76499e-11	6.77169e-11	6.77214e-11	6.77216e-11	6.77216e-11	6.77216e-11	6.77216e-11	6.77216e-11	6.77216e-11	6.77216e-11	6.77216e-11	6.77216e-11	6.77216e-11	6.77216e-11	6.77216e-11	6.77216e-11	6.77216e-11	6.77216e-11	6.77216e-11	6.77216e-11	6.77216e-11	6.77216e-11	6.77216e-11	6.77216e-11	6.77216e-11
26.21	0.00000e+00	2.42074e-26	1.00258e-22	3.25067e-21	3.09131e-20	1.74339e-19	7.44699e-19	2.67789e-18	8.58438e-18	2.53462e-17	7.03795e-17	1.86213e-16	4.73512e-16	1.16353e-15	2.77239e-15	6.41793e-15	1.44431e-14	3.16002e-14	6.71711e-14	1.38713e-13	2.78072e-13	5.40713e-13	1.01893e-12	1.85890e-12	3.27875e-12	5.57918e-12	9.13528e-12	1.43414e-11	2.14832e-11	3.05294e-11	4.08886e-11	5.12953e-11	6.00953e-11	6.60147e-11	6.89540e-11	6.99339e-11	7.01283e-11	7.01481e-11	7.01489e-11	7.01489e-11	7.01489e-11	7.01489e-11	7.01489e-11	7.01489e-11	7.01489e-11	7.01489e-11	7.01489e-11	7.01489e-11	7.01489e-11	7.01489e-11	7.01489e-11	7.01489e-11	7.01489e-11	7.01489e-11	7.01489e-11	7.01489e-11	7.01489e-11	7.01489e-11	7.01489e-11	7.01489e-11
26.27	0.00000e+00	1.86491e-26	7.72852e-23	2.50748e-21	2.38627e-20	1.34683e-19	5.75805e-19	2.07252e-18	6.65076e-18	1.96598e-17	5.46597e-17	1.44827e-16	3.68856e-16	9.07977e-16	2.16777e-15	5.02950e-15	1.13472e-14	2.48983e-14	5.30999e-14	1.10071e-13	2.21627e-13	4.33172e-13	8.21210e-13	1.50892e-12	2.68422e-12	4.61453e-12	7.64994e-12	1.21917e-11	1.86002e-11	2.70231e-11	3.71541e-11	4.80254e-11	5.80736e-11	6.56928e-11	7.01321e-11	7.19592e-11	7.24366e-11	7.25057e-11	7.25104e-11	7.25105e-11	7.25105e-11	7.25105e-11	7.25105e-11	7.25105e-11	7.25105e-11	7.25105e-11	7.25105e-11	7.25105e-11	7.25105e-11	7.25105e-11	7.25105e-11	7.25105e-11	7.25105e-11	7.25105e-11	7.25105e-11	7.25105e-11	7.25105e-11	7.25105e-11	7.25105e-11	7.25105e-11
26.33	0.00000e+00	1.43622e-26	5.95547e-23	1.93344e-21	1.84126e-20	1.04001e-19	4.44998e-19	1.60316e-18	5.14972e-18	1.52395e-17	4.24217e-17	1.12553e-16	2.87089e-16	7.07882e-16	1.69321e-15	3.93675e-15	8.90296e-15	1.95877e-14	4.19024e-14	8.71665e-14	1.76224e-13	3.46061e-13	6.59705e-13	1.22010e-12	2.18735e-12	3.79545e-12	6.36296e-12	1.02794e-11	1.59438e-11	2.36324e-11	3.32818e-11	4.42418e-11	5.51777e-11	6.43721e-11	7.05252e-11	7.35687e-11	7.45804e-11	7.47807e-11	7.48010e-11	7.48019e-11	7.48019e-11	7.48019e-11	7.48019e-11	7.48019e-11	7.48019e-11	7.48019e-11	7.48019e-11	7.48019e-11	7.48019e-11	7.48019e-11	7.48019e-11	7.48019e-11	7.48019e-11	7.48019e-11	7.48019e-11	7.48019e-11	7.48019e-11	7.48019e-11	7.48019e-11	7.48019e-11
26.39	0.00000e+00	1.10570e-26	4.58756e-23	1.49026e-21	1.42015e-20	8.02734e-20	3.43746e-19	1.23947e-18	3.98527e-18	1.18060e-17	3.29021e-17	8.74075e-17	2.23269e-16	5.51391e-16	1.32123e-15	3.07797e-15	6.97637e-15	1.53877e-14	3.30121e-14	6.88979e-14	1.39816e-13	2.75766e-13	5.28383e-13	9.83091e-13	1.77497e-12	3.10602e-12	5.26030e-12	8.60299e-12	1.35440e-11	2.04423e-11	2.94254e-11	4.01417e-11	5.15626e-11	6.20572e-11	6.99733e-11	7.45670e-11	7.64521e-11	7.69432e-11	7.70143e-11	7.70191e-11	7.70192e-11	7.70192e-11	7.70192e-11	7.70192e-11	7.70192e-11	7.70192e-11	7.70192e-11	7.70192e-11	7.70192e-11	7.70192e-11	7.70192e-11	7.70192e-11	7.70192e-11	7.70192e-11	7.70192e-11	7.70192e-11	7.70192e-11	7.70192e-11	7.70192e-11	7.70192e-11
26.45	0.00000e+00	8.50973e-27	3.53264e-23	1.14825e-21	1.09493e-20	6.19335e-20	2.65414e-19	9.57818e-19	3.08250e-18	9.14079e-18	2.55028e-17	6.78333e-17	1.73504e-16	4.29134e-16	1.03000e-15	2.40400e-15	5.46023e-15	1.20720e-14	2.59683e-14	5.43627e-14	1.10706e-13	2.19235e-13	4.22042e-13	7.89561e-13	1.43482e-12	2.53019e-12	4.32478e-12	7.15200e-12	1.14123e-11	1.75089e-11	2.57078e-11	3.59128e-11	4.74240e-11	5.88422e-11	6.83908e-11	7.47543e-11	7.78920e-11	7.89320e-11	7.91377e-11	7.91585e-11	7.91594e-11	7.91594e-11	7.91594e-11	7.91594e-11	7.91594e-11	7.91594e-11	7.91594e-11	7.91594e-11	7.91594e-11	7.91594e-11	7.91594e-11	7.91594e-11	7.91594e-11	7.91594e-11	7.91594e-11	7.91594e-11	7.91594e-11	7.91594e-11	7.91594e-11	7.91594e-11
26.51	0.00000e+00	6.54726e-27	2.71941e-23	8.84417e-22	8.43871e-21	4.77646e-20	2.04844e-19	7.39826e-19	2.38303e-18	7.07341e-18	1.97557e-17	5.26082e-17	1.34734e-16	3.33718e-16	8.02253e-16	1.87575e-15	4.26882e-15	9.45892e-15	2.03983e-14	4.28241e-14	8.74930e-14	1.73915e-13	3.36251e-13	6.32251e-13	1.15579e-12	2.05253e-12	3.53787e-12	5.90990e-12	9.54585e-12	1.48634e-11	2.22185e-11	3.17174e-11	4.29703e-11	5.48916e-11	6.57864e-11	7.39693e-11	7.87022e-11	8.06383e-11	8.11421e-11	8.12149e-11	8.12198e-11	8.12200e-11	8.12200e-11	8.12200e-11	8.12200e-11	8.12200e-11	8.12200e-11	8.12200e-11	8.12200e-11	8.12200e-11	8.12200e-11	8.12200e-11	8.12200e-11	8.12200e-11	8.12200e-11	8.12200e-11	8.12200e-11	8.12200e-11	8.12200e-11	8.12200e-11
26.57	0.00000e+00	5.03585e-27	2.09273e-23	6.80977e-22	6.50144e-21	3.68231e-20	1.58031e-19	5.71194e-19	1.84140e-18	5.47075e-18	1.52950e-17	4.07749e-17	1.04556e-16	2.59321e-16	6.24339e-16	1.46220e-15	3.33388e-15	7.40270e-15	1.60016e-14	3.36833e-14	6.90267e-14	1.37686e-13	2.67276e-13	5.04905e-13	9.28046e-13	1.65872e-12	2.88100e-12	4.85687e-12	7.93192e-12	1.25165e-11	1.90162e-11	2.76845e-11	3.83986e-11	5.04114e-11	6.22612e-11	7.21274e-11	7.86802e-11	8.19006e-11	8.29663e-11	8.31769e-11	8.31982e-11	8.31991e-11	8.31991e-11	8.31991e-11	8.31991e-11	8.31991e-11	8.31991e-11	8.31991e-11	8.31991e-11	8.31991e-11	8.31991e-11	8.31991e-11	8.31991e-11	8.31991e-11	8.31991e-11	8.31991e-11	8.31991e-11	8.31991e-11	8.31991e-11	8.31991e-11
26.64	0.00000e+00	3.87224e-27	1.60997e-23	5.24164e-22	5.00717e-21	2.83775e-20	1.21868e-19	4.40810e-19	1.42222e-18	4.22911e-18	1.18350e-17	3.15845e-17	8.10843e-17	2.01365e-16	4.85495e-16	1.13883e-15	2.60113e-15	5.78705e-15	1.25369e-14	2.64560e-14	5.43696e-14	1.08801e-13	2.11992e-13	4.02197e-13	7.42985e-13	1.33581e-12	2.33640e-12	3.97170e-12	6.55150e-12	1.04639e-11	1.61325e-11	2.39078e-11	3.38789e-11	4.56199e-11	5.79884e-11	6.92416e-11	7.76638e-11	8.25184e-11	8.45009e-11	8.50161e-11	8.50905e-11	8.50956e-11	8.50957e-11	8.50957e-11	8.50957e-11	8.50957e-11	8.50957e-11	8.50957e-11	8.50957e-11	8.50957e-11	8.50957e-11	8.50957e-11	8.50957e-11	8.50957e-11	8.50957e-11	8.50957e-11	8.50957e-11	8.50957e-11	8.50957e-11	8.50957e-11
26.70	0.00000e+00	2.97667e-27	1.23821e-23	4.03335e-22	3.85506e-21	2.18611e-20	9.39445e-20	3.40049e-19	1.09798e-18	3.26770e-18	9.15303e-18	2.44517e-17	6.28427e-17	1.56255e-16	3.77243e-16	8.86225e-16	2.02755e-15	4.51929e-15	9.81080e-15	2.07518e-14	4.27600e-14	8.58273e-14	1.67807e-13	3.19641e-13	5.93218e-13	1.07234e-12	1.88760e-12	3.23322e-12	5.38204e-12	8.69064e-12	1.35775e-11	2.04478e-11	2.95458e-11	4.07227e-11	5.31832e-11	6.54190e-11	7.55696e-11	8.22873e-11	8.55824e-11	8.66714e-11	8.68864e-11	8.69082e-11	8.69091e-11	8.69091e-11	8.69091e-11	8.69091e-11	8.69091e-11	8.69091e-11	8.69091e-11	8.69091e-11	8.69091e-11	8.69091e-11	8.69091e-11	8.69091e-11	8.69091e-11	8.69091e-11	8.69091e-11	8.69091e-11	8.69091e-11	8.69091e-11
26.76	0.00000e+00	2.28761e-27	9.52024e-24	3.10265e-22	2.96708e-21	1.68353e-20	7.23926e-20	2.62217e-19	8.47299e-19	2.52370e-18	7.07529e-18	1.89195e-17	4.86762e-17	1.21172e-16	2.92919e-16	6.89107e-16	1.57905e-15	3.52579e-15	7.66903e-15	1.62572e-14	3.35819e-14	6.75952e-14	1.32586e-13	2.53486e-13	4.72460e-13	8.58319e-13	1.51975e-12	2.62127e-12	4.39962e-12	7.17519e-12	1.13452e-11	1.73364e-11	2.54963e-11	3.58965e-11	4.80725e-11	6.08405e-11	7.24140e-11	8.10441e-11	8.60084e-11	8.80325e-11	8.85580e-11	8.86340e-11	8.86392e-11	8.86393e-11	8.86393e-11	8.86393e-11	8.86393e-11	8.86393e-11	8.86393e-11	8.86393e-11	8.86393e-11	8.86393e-11	8.86393e-11	8.86393e-11	8.86393e-11	8.86393e-11	8.86393e-11	8.86393e-11	8.86393e-11	8.86393e-11
26.82	0.00000e+00	1.75759e-27	7.31780e-24	2.38601e-22	2.28293e-21	1.29607e-20	5.57652e-20	2.02123e-19	6.53585e-19	1.94823e-18	5.46659e-18	1.46314e-17	3.76819e-17	9.39076e-17	2.27288e-16	5.35430e-16	1.22874e-15	2.74815e-15	5.98859e-15	1.27212e-14	2.63389e-14	5.31559e-14	1.04577e-13	2.00624e-13	3.75418e-13	6.85169e-13	1.21972e-12	2.11718e-12	3.58046e-12	5.89221e-12	9.41846e-12	1.45830e-11	2.17924e-11	3.12807e-11	4.28696e-11	5.57296e-11	6.83099e-11	7.87068e-11	8.55726e-11	8.89346e-11	9.00444e-11	9.02636e-11	9.02858e-11	9.02867e-11	9.02867e-11	9.02867e-11	9.02867e-11	9.02867e-11	9.02867e-11	9.02867e-11	9.02867e-11	9.02867e-11	9.02867e-11	9.02867e-11	9.02867e-11	9.02867e-11	9.02867e-11	9.02867e-11	9.02867e-11	9.02867e-11
26.88	0.00000e+00	1.35004e-27	5.62338e-24	1.83438e-22	1.75601e-21	9.97459e-21	4.29422e-20	1.55744e-19	5.03961e-19	1.50335e-18	4.22173e-18	1.13095e-17	2.91550e-17	7.27351e-17	1.76249e-16	4.15727e-16	9.55392e-16	2.14014e-15	4.67180e-15	9.94334e-15	2.06325e-14	4.17423e-14	8.23523e-14	1.58494e-13	2.97673e-13	5.45595e-13	9.76085e-13	1.70418e-12	2.90196e-12	4.81506e-12	7.77305e-12	1.21797e-11	1.84661e-11	2.69749e-11	3.77570e-11	5.03209e-11	6.34449e-11	7.52951e-11	8.41114e-11	8.91734e-11	9.12346e-11	9.17697e-11	9.18470e-11	9.18523e-11	9.18524e-11	9.18524e-11	9.18524e-11	9.18524e-11	9.18524e-11	9.18524e-11	9.18524e-11	9.18524e-11	9.18524e-11	9.18524e-11	9.18524e-11	9.18524e-11	9.18524e-11	9.18524e-11	9.18524e-11	9.18524e-11
26.94	0.00000e+00	1.03673e-27	4.32018e-24	1.40990e-22	1.35031e-21	7.67412e-21	3.30569e-20	1.19965e-19	3.88444e-19	1.15959e-18	3.25893e-18	8.73773e-18	2.25461e-17	5.63044e-17	1.36587e-16	3.22567e-16	7.42296e-16	1.66526e-15	3.64117e-15	7.76403e-15	1.61435e-14	3.27363e-14	6.47538e-14	1.24996e-13	2.35563e-13	4.33460e-13	7.79030e-13	1.36744e-12	2.34329e-12	3.91738e-12	6.38094e-12	1.01071e-11	1.55256e-11	2.30425e-11	3.28779e-11	4.48340e-11	5.80496e-11	7.09268e-11	8.15439e-11	8.85411e-11	9.19623e-11	9.30913e-11	9.33140e-11	9.33366e-11	9.33376e-11	9.33376e-11	9.33376e-11	9.33376e-11	9.33376e-11	9.33376e-11	9.33376e-11	9.33376e-11	9.33376e-11	9.33376e-11	9.33376e-11	9.33376e-11	9.33376e-11	9.33376e-11	9.33376e-11	9.33376e-11
27.00	0.00000e+00	7.95947e-28	3.31816e-24	1.08335e-22	1.03805e-21	5.90246e-21	2.54392e-20	9.23746e-20	2.99297e-19	8.94088e-19	2.51464e-18	6.74769e-18	1.74267e-17	4.35619e-17	1.05787e-16	2.50122e-16	5.76321e-16	1.29474e-15	2.83542e-15	6.05645e-15	1.26174e-14	2.56416e-14	5.08448e-14	9.84209e-14	1.86071e-13	3.43643e-13	6.20228e-13	1.09408e-12	1.88575e-12	3.17417e-12	5.21281e-12	8.33831e-12	1.29613e-11	1.95153e-11	2.83344e-11	3.94564e-11	5.23652e-11	6.57955e-11	7.78926e-11	8.68735e-11	9.20216e-11	9.41166e-11	9.46600e-11	9.47385e-11	9.47438e-11	9.47440e-11	9.47440e-11	9.47440e-11	9.47440e-11	9.47440e-11	9.47440e-11	9.47440e-11	9.47440e-11	9.47440e-11	9.47440e-11	9.47440e-11	9.47440e-11	9.47440e-11	9.47440e-11	9.47440e-11
