# EMChargedPionPairProduction cumulative differential rate
# photon field: Universal Radio Background as measured by ARCADE2 D. J. Fixsen et al. ApJ 734 (2011) 5
# Produced with crpropa-data version: fc42dfff4c986259559611aeb7ae6043dc0b7378
# log10(E/eV), d(1/lambda)/ds_kin [1/Mpc/eV^2] for log10(s_kin/eV^2) as given in first row
0.00	1.69316e+01	1.70421e+01	1.71526e+01	1.72632e+01	1.73737e+01	1.74842e+01	1.75947e+01	1.77053e+01	1.78158e+01	1.79263e+01	1.80368e+01	1.81474e+01	1.82579e+01	1.83684e+01	1.84789e+01	1.85895e+01	1.87000e+01	1.88105e+01	1.89211e+01	1.90316e+01	1.91421e+01	1.92526e+01	1.93632e+01	1.94737e+01	1.95842e+01	1.96947e+01	1.98053e+01	1.99158e+01	2.00263e+01	2.01368e+01	2.02474e+01	2.03579e+01	2.04684e+01	2.05789e+01	2.06895e+01	2.08000e+01	2.09105e+01	2.10211e+01	2.11316e+01	2.12421e+01	2.13526e+01	2.14632e+01	2.15737e+01	2.16842e+01	2.17947e+01	2.19053e+01	2.20158e+01	2.21263e+01	2.22368e+01	2.23474e+01	2.24579e+01	2.25684e+01	2.26789e+01	2.27895e+01	2.29000e+01	2.30105e+01	2.31211e+01	2.32316e+01	2.33421e+01	2.34526e+01	2.35632e+01	2.36737e+01	2.37842e+01	2.38947e+01	2.40053e+01	2.41158e+01	2.42263e+01	2.43368e+01	2.44474e+01	2.45579e+01	2.46684e+01	2.47789e+01	2.48895e+01	2.50000e+01
20.72	3.55919e-08	3.63501e-08	3.63501e-08	3.63501e-08	3.63501e-08	3.63501e-08	3.63501e-08	3.63501e-08	3.63501e-08	3.63501e-08	3.63501e-08	3.63501e-08	3.63501e-08	3.63501e-08	3.63501e-08	3.63501e-08	3.63501e-08	3.63501e-08	3.63501e-08	3.63501e-08	3.63501e-08	3.63501e-08	3.63501e-08	3.63501e-08	3.63501e-08	3.63501e-08	3.63501e-08	3.63501e-08	3.63501e-08	3.63501e-08	3.63501e-08	3.63501e-08	3.63501e-08	3.63501e-08	3.63501e-08	3.63501e-08	3.63501e-08	3.63501e-08	3.63501e-08	3.63501e-08	3.63501e-08	3.63501e-08	3.63501e-08	3.63501e-08	3.63501e-08	3.63501e-08	3.63501e-08	3.63501e-08	3.63501e-08	3.63501e-08	3.63501e-08	3.63501e-08	3.63501e-08	3.63501e-08	3.63501e-08	3.63502e-08	3.63502e-08	3.63502e-08	3.63502e-08	3.63502e-08	3.63502e-08	3.63503e-08	3.63503e-08	3.63504e-08	3.63505e-08	3.63506e-08	3.63507e-08	3.63509e-08	3.63511e-08	3.63514e-08	3.63517e-08	3.63522e-08	3.63528e-08	3.63536e-08
20.78	1.05358e-07	2.28393e-07	2.28393e-07	2.28393e-07	2.28393e-07	2.28393e-07	2.28393e-07	2.28393e-07	2.28393e-07	2.28393e-07	2.28393e-07	2.28393e-07	2.28393e-07	2.28393e-07	2.28393e-07	2.28393e-07	2.28393e-07	2.28393e-07	2.28393e-07	2.28393e-07	2.28393e-07	2.28393e-07	2.28393e-07	2.28393e-07	2.28393e-07	2.28393e-07	2.28393e-07	2.28393e-07	2.28393e-07	2.28393e-07	2.28393e-07	2.28393e-07	2.28393e-07	2.28393e-07	2.28393e-07	2.28393e-07	2.28393e-07	2.28393e-07	2.28393e-07	2.28393e-07	2.28393e-07	2.28393e-07	2.28393e-07	2.28393e-07	2.28393e-07	2.28393e-07	2.28393e-07	2.28393e-07	2.28393e-07	2.28393e-07	2.28393e-07	2.28393e-07	2.28393e-07	2.28393e-07	2.28393e-07	2.28393e-07	2.28393e-07	2.28393e-07	2.28393e-07	2.28393e-07	2.28393e-07	2.28393e-07	2.28393e-07	2.28393e-07	2.28393e-07	2.28393e-07	2.28393e-07	2.28393e-07	2.28393e-07	2.28394e-07	2.28394e-07	2.28394e-07	2.28395e-07	2.28395e-07
20.84	1.39638e-07	5.20629e-07	5.28817e-07	5.28817e-07	5.28817e-07	5.28817e-07	5.28817e-07	5.28817e-07	5.28817e-07	5.28817e-07	5.28817e-07	5.28817e-07	5.28817e-07	5.28817e-07	5.28817e-07	5.28817e-07	5.28817e-07	5.28817e-07	5.28817e-07	5.28817e-07	5.28817e-07	5.28817e-07	5.28817e-07	5.28817e-07	5.28817e-07	5.28817e-07	5.28817e-07	5.28817e-07	5.28817e-07	5.28817e-07	5.28817e-07	5.28817e-07	5.28817e-07	5.28817e-07	5.28817e-07	5.28817e-07	5.28817e-07	5.28817e-07	5.28817e-07	5.28817e-07	5.28817e-07	5.28817e-07	5.28817e-07	5.28817e-07	5.28817e-07	5.28817e-07	5.28817e-07	5.28817e-07	5.28817e-07	5.28817e-07	5.28817e-07	5.28817e-07	5.28817e-07	5.28817e-07	5.28817e-07	5.28817e-07	5.28817e-07	5.28817e-07	5.28817e-07	5.28817e-07	5.28817e-07	5.28817e-07	5.28817e-07	5.28817e-07	5.28817e-07	5.28817e-07	5.28817e-07	5.28818e-07	5.28818e-07	5.28818e-07	5.28818e-07	5.28818e-07	5.28819e-07	5.28819e-07
20.90	1.51383e-07	7.06963e-07	8.62112e-07	8.62112e-07	8.62112e-07	8.62112e-07	8.62112e-07	8.62112e-07	8.62112e-07	8.62112e-07	8.62112e-07	8.62112e-07	8.62112e-07	8.62112e-07	8.62112e-07	8.62112e-07	8.62112e-07	8.62112e-07	8.62112e-07	8.62112e-07	8.62112e-07	8.62112e-07	8.62112e-07	8.62112e-07	8.62112e-07	8.62112e-07	8.62112e-07	8.62112e-07	8.62112e-07	8.62112e-07	8.62112e-07	8.62112e-07	8.62112e-07	8.62112e-07	8.62112e-07	8.62112e-07	8.62112e-07	8.62112e-07	8.62112e-07	8.62112e-07	8.62112e-07	8.62112e-07	8.62112e-07	8.62112e-07	8.62112e-07	8.62112e-07	8.62112e-07	8.62112e-07	8.62112e-07	8.62112e-07	8.62112e-07	8.62112e-07	8.62112e-07	8.62112e-07	8.62112e-07	8.62112e-07	8.62112e-07	8.62112e-07	8.62112e-07	8.62112e-07	8.62112e-07	8.62112e-07	8.62112e-07	8.62112e-07	8.62112e-07	8.62112e-07	8.62112e-07	8.62113e-07	8.62113e-07	8.62113e-07	8.62113e-07	8.62113e-07	8.62113e-07	8.62114e-07
20.96	1.49412e-07	7.73839e-07	1.15754e-06	1.17599e-06	1.17599e-06	1.17599e-06	1.17599e-06	1.17599e-06	1.17599e-06	1.17599e-06	1.17599e-06	1.17599e-06	1.17599e-06	1.17599e-06	1.17599e-06	1.17599e-06	1.17599e-06	1.17599e-06	1.17599e-06	1.17599e-06	1.17599e-06	1.17599e-06	1.17599e-06	1.17599e-06	1.17599e-06	1.17599e-06	1.17599e-06	1.17599e-06	1.17599e-06	1.17599e-06	1.17599e-06	1.17599e-06	1.17599e-06	1.17599e-06	1.17599e-06	1.17599e-06	1.17599e-06	1.17599e-06	1.17599e-06	1.17599e-06	1.17599e-06	1.17599e-06	1.17599e-06	1.17599e-06	1.17599e-06	1.17599e-06	1.17599e-06	1.17599e-06	1.17599e-06	1.17599e-06	1.17599e-06	1.17599e-06	1.17599e-06	1.17599e-06	1.17599e-06	1.17599e-06	1.17599e-06	1.17599e-06	1.17599e-06	1.17599e-06	1.17599e-06	1.17599e-06	1.17599e-06	1.17599e-06	1.17599e-06	1.17599e-06	1.17599e-06	1.17599e-06	1.17599e-06	1.17599e-06	1.17599e-06	1.17599e-06	1.17599e-06	1.17600e-06
21.02	1.39627e-07	7.67725e-07	1.28313e-06	1.44234e-06	1.44234e-06	1.44234e-06	1.44234e-06	1.44234e-06	1.44234e-06	1.44234e-06	1.44234e-06	1.44234e-06	1.44234e-06	1.44234e-06	1.44234e-06	1.44234e-06	1.44234e-06	1.44234e-06	1.44234e-06	1.44234e-06	1.44234e-06	1.44234e-06	1.44234e-06	1.44234e-06	1.44234e-06	1.44234e-06	1.44234e-06	1.44234e-06	1.44234e-06	1.44234e-06	1.44234e-06	1.44234e-06	1.44234e-06	1.44234e-06	1.44234e-06	1.44234e-06	1.44234e-06	1.44234e-06	1.44234e-06	1.44234e-06	1.44234e-06	1.44234e-06	1.44234e-06	1.44234e-06	1.44234e-06	1.44234e-06	1.44234e-06	1.44234e-06	1.44234e-06	1.44234e-06	1.44234e-06	1.44234e-06	1.44234e-06	1.44234e-06	1.44234e-06	1.44234e-06	1.44234e-06	1.44234e-06	1.44234e-06	1.44234e-06	1.44234e-06	1.44234e-06	1.44234e-06	1.44234e-06	1.44234e-06	1.44234e-06	1.44234e-06	1.44234e-06	1.44234e-06	1.44234e-06	1.44234e-06	1.44234e-06	1.44234e-06	1.44234e-06
21.08	1.25904e-07	7.19784e-07	1.28155e-06	1.62129e-06	1.65035e-06	1.65035e-06	1.65035e-06	1.65035e-06	1.65035e-06	1.65035e-06	1.65035e-06	1.65035e-06	1.65035e-06	1.65035e-06	1.65035e-06	1.65035e-06	1.65035e-06	1.65035e-06	1.65035e-06	1.65035e-06	1.65035e-06	1.65035e-06	1.65035e-06	1.65035e-06	1.65035e-06	1.65035e-06	1.65035e-06	1.65035e-06	1.65035e-06	1.65035e-06	1.65035e-06	1.65035e-06	1.65035e-06	1.65035e-06	1.65035e-06	1.65035e-06	1.65035e-06	1.65035e-06	1.65035e-06	1.65035e-06	1.65035e-06	1.65035e-06	1.65035e-06	1.65035e-06	1.65035e-06	1.65035e-06	1.65035e-06	1.65035e-06	1.65035e-06	1.65035e-06	1.65035e-06	1.65035e-06	1.65035e-06	1.65035e-06	1.65035e-06	1.65035e-06	1.65035e-06	1.65035e-06	1.65035e-06	1.65035e-06	1.65035e-06	1.65035e-06	1.65035e-06	1.65035e-06	1.65035e-06	1.65035e-06	1.65035e-06	1.65035e-06	1.65035e-06	1.65035e-06	1.65035e-06	1.65035e-06	1.65035e-06	1.65035e-06
21.14	1.10707e-07	6.50483e-07	1.20654e-06	1.63898e-06	1.79978e-06	1.79978e-06	1.79978e-06	1.79978e-06	1.79978e-06	1.79978e-06	1.79978e-06	1.79978e-06	1.79978e-06	1.79978e-06	1.79978e-06	1.79978e-06	1.79978e-06	1.79978e-06	1.79978e-06	1.79978e-06	1.79978e-06	1.79978e-06	1.79978e-06	1.79978e-06	1.79978e-06	1.79978e-06	1.79978e-06	1.79978e-06	1.79978e-06	1.79978e-06	1.79978e-06	1.79978e-06	1.79978e-06	1.79978e-06	1.79978e-06	1.79978e-06	1.79978e-06	1.79978e-06	1.79978e-06	1.79978e-06	1.79978e-06	1.79978e-06	1.79978e-06	1.79978e-06	1.79978e-06	1.79978e-06	1.79978e-06	1.79978e-06	1.79978e-06	1.79978e-06	1.79978e-06	1.79978e-06	1.79978e-06	1.79978e-06	1.79978e-06	1.79978e-06	1.79978e-06	1.79978e-06	1.79978e-06	1.79978e-06	1.79978e-06	1.79978e-06	1.79978e-06	1.79978e-06	1.79978e-06	1.79978e-06	1.79978e-06	1.79978e-06	1.79978e-06	1.79978e-06	1.79978e-06	1.79978e-06	1.79978e-06	1.79978e-06
21.20	9.55536e-08	5.72906e-07	1.09349e-06	1.55453e-06	1.85649e-06	1.89594e-06	1.89594e-06	1.89594e-06	1.89594e-06	1.89594e-06	1.89594e-06	1.89594e-06	1.89594e-06	1.89594e-06	1.89594e-06	1.89594e-06	1.89594e-06	1.89594e-06	1.89594e-06	1.89594e-06	1.89594e-06	1.89594e-06	1.89594e-06	1.89594e-06	1.89594e-06	1.89594e-06	1.89594e-06	1.89594e-06	1.89594e-06	1.89594e-06	1.89594e-06	1.89594e-06	1.89594e-06	1.89594e-06	1.89594e-06	1.89594e-06	1.89594e-06	1.89594e-06	1.89594e-06	1.89594e-06	1.89594e-06	1.89594e-06	1.89594e-06	1.89594e-06	1.89594e-06	1.89594e-06	1.89594e-06	1.89594e-06	1.89594e-06	1.89594e-06	1.89594e-06	1.89594e-06	1.89594e-06	1.89594e-06	1.89594e-06	1.89594e-06	1.89594e-06	1.89594e-06	1.89594e-06	1.89594e-06	1.89594e-06	1.89594e-06	1.89594e-06	1.89594e-06	1.89594e-06	1.89594e-06	1.89594e-06	1.89594e-06	1.89594e-06	1.89594e-06	1.89594e-06	1.89594e-06	1.89594e-06	1.89594e-06
21.26	8.13129e-08	4.95101e-07	9.65107e-07	1.41600e-06	1.78395e-06	1.94645e-06	1.94645e-06	1.94645e-06	1.94645e-06	1.94645e-06	1.94645e-06	1.94645e-06	1.94645e-06	1.94645e-06	1.94645e-06	1.94645e-06	1.94645e-06	1.94645e-06	1.94645e-06	1.94645e-06	1.94645e-06	1.94645e-06	1.94645e-06	1.94645e-06	1.94645e-06	1.94645e-06	1.94645e-06	1.94645e-06	1.94645e-06	1.94645e-06	1.94645e-06	1.94645e-06	1.94645e-06	1.94645e-06	1.94645e-06	1.94645e-06	1.94645e-06	1.94645e-06	1.94645e-06	1.94645e-06	1.94645e-06	1.94645e-06	1.94645e-06	1.94645e-06	1.94645e-06	1.94645e-06	1.94645e-06	1.94645e-06	1.94645e-06	1.94645e-06	1.94645e-06	1.94645e-06	1.94645e-06	1.94645e-06	1.94645e-06	1.94645e-06	1.94645e-06	1.94645e-06	1.94645e-06	1.94645e-06	1.94645e-06	1.94645e-06	1.94645e-06	1.94645e-06	1.94645e-06	1.94645e-06	1.94645e-06	1.94645e-06	1.94645e-06	1.94645e-06	1.94645e-06	1.94645e-06	1.94645e-06	1.94645e-06
21.32	6.84368e-08	4.21730e-07	8.35388e-07	1.25433e-06	1.63915e-06	1.91046e-06	1.95939e-06	1.95939e-06	1.95939e-06	1.95939e-06	1.95939e-06	1.95939e-06	1.95939e-06	1.95939e-06	1.95939e-06	1.95939e-06	1.95939e-06	1.95939e-06	1.95939e-06	1.95939e-06	1.95939e-06	1.95939e-06	1.95939e-06	1.95939e-06	1.95939e-06	1.95939e-06	1.95939e-06	1.95939e-06	1.95939e-06	1.95939e-06	1.95939e-06	1.95939e-06	1.95939e-06	1.95939e-06	1.95939e-06	1.95939e-06	1.95939e-06	1.95939e-06	1.95939e-06	1.95939e-06	1.95939e-06	1.95939e-06	1.95939e-06	1.95939e-06	1.95939e-06	1.95939e-06	1.95939e-06	1.95939e-06	1.95939e-06	1.95939e-06	1.95939e-06	1.95939e-06	1.95939e-06	1.95939e-06	1.95939e-06	1.95939e-06	1.95939e-06	1.95939e-06	1.95939e-06	1.95939e-06	1.95939e-06	1.95939e-06	1.95939e-06	1.95939e-06	1.95939e-06	1.95939e-06	1.95939e-06	1.95939e-06	1.95939e-06	1.95939e-06	1.95939e-06	1.95939e-06	1.95939e-06	1.95939e-06
21.39	5.71055e-08	3.55232e-07	7.12518e-07	1.08879e-06	1.46110e-06	1.77967e-06	1.94101e-06	1.94230e-06	1.94230e-06	1.94230e-06	1.94230e-06	1.94230e-06	1.94230e-06	1.94230e-06	1.94230e-06	1.94230e-06	1.94230e-06	1.94230e-06	1.94230e-06	1.94230e-06	1.94230e-06	1.94230e-06	1.94230e-06	1.94230e-06	1.94230e-06	1.94230e-06	1.94230e-06	1.94230e-06	1.94230e-06	1.94230e-06	1.94230e-06	1.94230e-06	1.94230e-06	1.94230e-06	1.94230e-06	1.94230e-06	1.94230e-06	1.94230e-06	1.94230e-06	1.94230e-06	1.94230e-06	1.94230e-06	1.94230e-06	1.94230e-06	1.94230e-06	1.94230e-06	1.94230e-06	1.94230e-06	1.94230e-06	1.94230e-06	1.94230e-06	1.94230e-06	1.94230e-06	1.94230e-06	1.94230e-06	1.94230e-06	1.94230e-06	1.94230e-06	1.94230e-06	1.94230e-06	1.94230e-06	1.94230e-06	1.94230e-06	1.94230e-06	1.94230e-06	1.94230e-06	1.94230e-06	1.94230e-06	1.94230e-06	1.94230e-06	1.94230e-06	1.94230e-06	1.94230e-06	1.94230e-06
21.45	4.73343e-08	2.96613e-07	6.00821e-07	9.30740e-07	1.27428e-06	1.60175e-06	1.84522e-06	1.90183e-06	1.90183e-06	1.90183e-06	1.90183e-06	1.90183e-06	1.90183e-06	1.90183e-06	1.90183e-06	1.90183e-06	1.90183e-06	1.90183e-06	1.90183e-06	1.90183e-06	1.90183e-06	1.90183e-06	1.90183e-06	1.90183e-06	1.90183e-06	1.90183e-06	1.90183e-06	1.90183e-06	1.90183e-06	1.90183e-06	1.90183e-06	1.90183e-06	1.90183e-06	1.90183e-06	1.90183e-06	1.90183e-06	1.90183e-06	1.90183e-06	1.90183e-06	1.90183e-06	1.90183e-06	1.90183e-06	1.90183e-06	1.90183e-06	1.90183e-06	1.90183e-06	1.90183e-06	1.90183e-06	1.90183e-06	1.90183e-06	1.90183e-06	1.90183e-06	1.90183e-06	1.90183e-06	1.90183e-06	1.90183e-06	1.90183e-06	1.90183e-06	1.90183e-06	1.90183e-06	1.90183e-06	1.90183e-06	1.90183e-06	1.90183e-06	1.90183e-06	1.90183e-06	1.90183e-06	1.90183e-06	1.90183e-06	1.90183e-06	1.90183e-06	1.90183e-06	1.90183e-06	1.90183e-06
21.51	3.90410e-08	2.46000e-07	5.02152e-07	7.86300e-07	1.09338e-06	1.40704e-06	1.68393e-06	1.83870e-06	1.84356e-06	1.84356e-06	1.84356e-06	1.84356e-06	1.84356e-06	1.84356e-06	1.84356e-06	1.84356e-06	1.84356e-06	1.84356e-06	1.84356e-06	1.84356e-06	1.84356e-06	1.84356e-06	1.84356e-06	1.84356e-06	1.84356e-06	1.84356e-06	1.84356e-06	1.84356e-06	1.84356e-06	1.84356e-06	1.84356e-06	1.84356e-06	1.84356e-06	1.84356e-06	1.84356e-06	1.84356e-06	1.84356e-06	1.84356e-06	1.84356e-06	1.84356e-06	1.84356e-06	1.84356e-06	1.84356e-06	1.84356e-06	1.84356e-06	1.84356e-06	1.84356e-06	1.84356e-06	1.84356e-06	1.84356e-06	1.84356e-06	1.84356e-06	1.84356e-06	1.84356e-06	1.84356e-06	1.84356e-06	1.84356e-06	1.84356e-06	1.84356e-06	1.84356e-06	1.84356e-06	1.84356e-06	1.84356e-06	1.84356e-06	1.84356e-06	1.84356e-06	1.84356e-06	1.84356e-06	1.84356e-06	1.84356e-06	1.84356e-06	1.84356e-06	1.84356e-06	1.84356e-06
21.57	3.20931e-08	2.03000e-07	4.16821e-07	6.58226e-07	9.26526e-07	1.21407e-06	1.49427e-06	1.71031e-06	1.77213e-06	1.77213e-06	1.77213e-06	1.77213e-06	1.77213e-06	1.77213e-06	1.77213e-06	1.77213e-06	1.77213e-06	1.77213e-06	1.77213e-06	1.77213e-06	1.77213e-06	1.77213e-06	1.77213e-06	1.77213e-06	1.77213e-06	1.77213e-06	1.77213e-06	1.77213e-06	1.77213e-06	1.77213e-06	1.77213e-06	1.77213e-06	1.77213e-06	1.77213e-06	1.77213e-06	1.77213e-06	1.77213e-06	1.77213e-06	1.77213e-06	1.77213e-06	1.77213e-06	1.77213e-06	1.77213e-06	1.77213e-06	1.77213e-06	1.77213e-06	1.77213e-06	1.77213e-06	1.77213e-06	1.77213e-06	1.77213e-06	1.77213e-06	1.77213e-06	1.77213e-06	1.77213e-06	1.77213e-06	1.77213e-06	1.77213e-06	1.77213e-06	1.77213e-06	1.77213e-06	1.77213e-06	1.77213e-06	1.77213e-06	1.77213e-06	1.77213e-06	1.77213e-06	1.77213e-06	1.77213e-06	1.77213e-06	1.77213e-06	1.77213e-06	1.77213e-06	1.77213e-06
21.63	2.63357e-08	1.66945e-07	3.44238e-07	5.47159e-07	7.77623e-07	1.03347e-06	1.29937e-06	1.53835e-06	1.68209e-06	1.69134e-06	1.69134e-06	1.69134e-06	1.69134e-06	1.69134e-06	1.69134e-06	1.69134e-06	1.69134e-06	1.69134e-06	1.69134e-06	1.69134e-06	1.69134e-06	1.69134e-06	1.69134e-06	1.69134e-06	1.69134e-06	1.69134e-06	1.69134e-06	1.69134e-06	1.69134e-06	1.69134e-06	1.69134e-06	1.69134e-06	1.69134e-06	1.69134e-06	1.69134e-06	1.69134e-06	1.69134e-06	1.69134e-06	1.69134e-06	1.69134e-06	1.69134e-06	1.69134e-06	1.69134e-06	1.69134e-06	1.69134e-06	1.69134e-06	1.69134e-06	1.69134e-06	1.69134e-06	1.69134e-06	1.69134e-06	1.69134e-06	1.69134e-06	1.69134e-06	1.69134e-06	1.69134e-06	1.69134e-06	1.69134e-06	1.69134e-06	1.69134e-06	1.69134e-06	1.69134e-06	1.69134e-06	1.69134e-06	1.69134e-06	1.69134e-06	1.69134e-06	1.69134e-06	1.69134e-06	1.69134e-06	1.69134e-06	1.69134e-06	1.69134e-06	1.69134e-06
21.69	2.16112e-08	1.37050e-07	2.83321e-07	4.52482e-07	6.47875e-07	8.70664e-07	1.11292e-06	1.35134e-06	1.53997e-06	1.60428e-06	1.60428e-06	1.60428e-06	1.60428e-06	1.60428e-06	1.60428e-06	1.60428e-06	1.60428e-06	1.60428e-06	1.60428e-06	1.60428e-06	1.60428e-06	1.60428e-06	1.60428e-06	1.60428e-06	1.60428e-06	1.60428e-06	1.60428e-06	1.60428e-06	1.60428e-06	1.60428e-06	1.60428e-06	1.60428e-06	1.60428e-06	1.60428e-06	1.60428e-06	1.60428e-06	1.60428e-06	1.60428e-06	1.60428e-06	1.60428e-06	1.60428e-06	1.60428e-06	1.60428e-06	1.60428e-06	1.60428e-06	1.60428e-06	1.60428e-06	1.60428e-06	1.60428e-06	1.60428e-06	1.60428e-06	1.60428e-06	1.60428e-06	1.60428e-06	1.60428e-06	1.60428e-06	1.60428e-06	1.60428e-06	1.60428e-06	1.60428e-06	1.60428e-06	1.60428e-06	1.60428e-06	1.60428e-06	1.60428e-06	1.60428e-06	1.60428e-06	1.60428e-06	1.60428e-06	1.60428e-06	1.60428e-06	1.60428e-06	1.60428e-06	1.60428e-06
21.75	1.77690e-08	1.12504e-07	2.32774e-07	3.72894e-07	5.36873e-07	7.27753e-07	9.42368e-07	1.16667e-06	1.37034e-06	1.50003e-06	1.51346e-06	1.51346e-06	1.51346e-06	1.51346e-06	1.51346e-06	1.51346e-06	1.51346e-06	1.51346e-06	1.51346e-06	1.51346e-06	1.51346e-06	1.51346e-06	1.51346e-06	1.51346e-06	1.51346e-06	1.51346e-06	1.51346e-06	1.51346e-06	1.51346e-06	1.51346e-06	1.51346e-06	1.51346e-06	1.51346e-06	1.51346e-06	1.51346e-06	1.51346e-06	1.51346e-06	1.51346e-06	1.51346e-06	1.51346e-06	1.51346e-06	1.51346e-06	1.51346e-06	1.51346e-06	1.51346e-06	1.51346e-06	1.51346e-06	1.51346e-06	1.51346e-06	1.51346e-06	1.51346e-06	1.51346e-06	1.51346e-06	1.51346e-06	1.51346e-06	1.51346e-06	1.51346e-06	1.51346e-06	1.51346e-06	1.51346e-06	1.51346e-06	1.51346e-06	1.51346e-06	1.51346e-06	1.51346e-06	1.51346e-06	1.51346e-06	1.51346e-06	1.51346e-06	1.51346e-06	1.51346e-06	1.51346e-06	1.51346e-06	1.51346e-06
21.81	1.46719e-08	9.25329e-08	1.91251e-07	3.06770e-07	4.43297e-07	6.04807e-07	7.91084e-07	9.94259e-07	1.19484e-06	1.35669e-06	1.42093e-06	1.42093e-06	1.42093e-06	1.42093e-06	1.42093e-06	1.42093e-06	1.42093e-06	1.42093e-06	1.42093e-06	1.42093e-06	1.42093e-06	1.42093e-06	1.42093e-06	1.42093e-06	1.42093e-06	1.42093e-06	1.42093e-06	1.42093e-06	1.42093e-06	1.42093e-06	1.42093e-06	1.42093e-06	1.42093e-06	1.42093e-06	1.42093e-06	1.42093e-06	1.42093e-06	1.42093e-06	1.42093e-06	1.42093e-06	1.42093e-06	1.42093e-06	1.42093e-06	1.42093e-06	1.42093e-06	1.42093e-06	1.42093e-06	1.42093e-06	1.42093e-06	1.42093e-06	1.42093e-06	1.42093e-06	1.42093e-06	1.42093e-06	1.42093e-06	1.42093e-06	1.42093e-06	1.42093e-06	1.42093e-06	1.42093e-06	1.42093e-06	1.42093e-06	1.42093e-06	1.42093e-06	1.42093e-06	1.42093e-06	1.42093e-06	1.42093e-06	1.42093e-06	1.42093e-06	1.42093e-06	1.42093e-06	1.42093e-06	1.42093e-06
21.87	1.21984e-08	7.64293e-08	1.57455e-07	2.52399e-07	3.65380e-07	5.00713e-07	6.59915e-07	8.39158e-07	1.02635e-06	1.19744e-06	1.31153e-06	1.32834e-06	1.32834e-06	1.32834e-06	1.32834e-06	1.32834e-06	1.32834e-06	1.32834e-06	1.32834e-06	1.32834e-06	1.32834e-06	1.32834e-06	1.32834e-06	1.32834e-06	1.32834e-06	1.32834e-06	1.32834e-06	1.32834e-06	1.32834e-06	1.32834e-06	1.32834e-06	1.32834e-06	1.32834e-06	1.32834e-06	1.32834e-06	1.32834e-06	1.32834e-06	1.32834e-06	1.32834e-06	1.32834e-06	1.32834e-06	1.32834e-06	1.32834e-06	1.32834e-06	1.32834e-06	1.32834e-06	1.32834e-06	1.32834e-06	1.32834e-06	1.32834e-06	1.32834e-06	1.32834e-06	1.32834e-06	1.32834e-06	1.32834e-06	1.32834e-06	1.32834e-06	1.32834e-06	1.32834e-06	1.32834e-06	1.32834e-06	1.32834e-06	1.32834e-06	1.32834e-06	1.32834e-06	1.32834e-06	1.32834e-06	1.32834e-06	1.32834e-06	1.32834e-06	1.32834e-06	1.32834e-06	1.32834e-06	1.32834e-06
21.93	1.02432e-08	6.35642e-08	1.30199e-07	2.08117e-07	3.01202e-07	4.13743e-07	5.48189e-07	7.03281e-07	8.71921e-07	1.03844e-06	1.17503e-06	1.23698e-06	1.23704e-06	1.23704e-06	1.23704e-06	1.23704e-06	1.23704e-06	1.23704e-06	1.23704e-06	1.23704e-06	1.23704e-06	1.23704e-06	1.23704e-06	1.23704e-06	1.23704e-06	1.23704e-06	1.23704e-06	1.23704e-06	1.23704e-06	1.23704e-06	1.23704e-06	1.23704e-06	1.23704e-06	1.23704e-06	1.23704e-06	1.23704e-06	1.23704e-06	1.23704e-06	1.23704e-06	1.23704e-06	1.23704e-06	1.23704e-06	1.23704e-06	1.23704e-06	1.23704e-06	1.23704e-06	1.23704e-06	1.23704e-06	1.23704e-06	1.23704e-06	1.23704e-06	1.23704e-06	1.23704e-06	1.23704e-06	1.23704e-06	1.23704e-06	1.23704e-06	1.23704e-06	1.23704e-06	1.23704e-06	1.23704e-06	1.23704e-06	1.23704e-06	1.23704e-06	1.23704e-06	1.23704e-06	1.23704e-06	1.23704e-06	1.23704e-06	1.23704e-06	1.23704e-06	1.23704e-06	1.23704e-06	1.23704e-06
21.99	8.71666e-09	5.33923e-08	1.08424e-07	1.72391e-07	2.48867e-07	3.41915e-07	4.54400e-07	5.86634e-07	7.34824e-07	8.89077e-07	1.03077e-06	1.12900e-06	1.14810e-06	1.14810e-06	1.14810e-06	1.14810e-06	1.14810e-06	1.14810e-06	1.14810e-06	1.14810e-06	1.14810e-06	1.14810e-06	1.14810e-06	1.14810e-06	1.14810e-06	1.14810e-06	1.14810e-06	1.14810e-06	1.14810e-06	1.14810e-06	1.14810e-06	1.14810e-06	1.14810e-06	1.14810e-06	1.14810e-06	1.14810e-06	1.14810e-06	1.14810e-06	1.14810e-06	1.14810e-06	1.14810e-06	1.14810e-06	1.14810e-06	1.14810e-06	1.14810e-06	1.14810e-06	1.14810e-06	1.14810e-06	1.14810e-06	1.14810e-06	1.14810e-06	1.14810e-06	1.14810e-06	1.14810e-06	1.14810e-06	1.14810e-06	1.14810e-06	1.14810e-06	1.14810e-06	1.14810e-06	1.14810e-06	1.14810e-06	1.14810e-06	1.14810e-06	1.14810e-06	1.14810e-06	1.14810e-06	1.14810e-06	1.14810e-06	1.14810e-06	1.14810e-06	1.14810e-06	1.14810e-06	1.14810e-06
22.05	7.54343e-09	4.54489e-08	9.12130e-08	1.43849e-07	2.06607e-07	2.83221e-07	3.76653e-07	4.88117e-07	6.15961e-07	7.54213e-07	8.90652e-07	1.00420e-06	1.06146e-06	1.06238e-06	1.06238e-06	1.06238e-06	1.06238e-06	1.06238e-06	1.06238e-06	1.06238e-06	1.06238e-06	1.06238e-06	1.06238e-06	1.06238e-06	1.06238e-06	1.06238e-06	1.06238e-06	1.06238e-06	1.06238e-06	1.06238e-06	1.06238e-06	1.06238e-06	1.06238e-06	1.06238e-06	1.06238e-06	1.06238e-06	1.06238e-06	1.06238e-06	1.06238e-06	1.06238e-06	1.06238e-06	1.06238e-06	1.06238e-06	1.06238e-06	1.06238e-06	1.06238e-06	1.06238e-06	1.06238e-06	1.06238e-06	1.06238e-06	1.06238e-06	1.06238e-06	1.06238e-06	1.06238e-06	1.06238e-06	1.06238e-06	1.06238e-06	1.06238e-06	1.06238e-06	1.06238e-06	1.06238e-06	1.06238e-06	1.06238e-06	1.06238e-06	1.06238e-06	1.06238e-06	1.06238e-06	1.06238e-06	1.06238e-06	1.06238e-06	1.06238e-06	1.06238e-06	1.06238e-06	1.06238e-06
22.11	6.66091e-09	3.93432e-08	7.77805e-08	1.21296e-07	1.72830e-07	2.35753e-07	3.12936e-07	4.06058e-07	5.14810e-07	6.35844e-07	7.61358e-07	8.77187e-07	9.60231e-07	9.80517e-07	9.80517e-07	9.80517e-07	9.80517e-07	9.80517e-07	9.80517e-07	9.80517e-07	9.80517e-07	9.80517e-07	9.80517e-07	9.80517e-07	9.80517e-07	9.80517e-07	9.80517e-07	9.80517e-07	9.80517e-07	9.80517e-07	9.80517e-07	9.80517e-07	9.80517e-07	9.80517e-07	9.80517e-07	9.80517e-07	9.80517e-07	9.80517e-07	9.80517e-07	9.80517e-07	9.80517e-07	9.80517e-07	9.80517e-07	9.80517e-07	9.80517e-07	9.80517e-07	9.80517e-07	9.80517e-07	9.80517e-07	9.80517e-07	9.80517e-07	9.80517e-07	9.80517e-07	9.80517e-07	9.80517e-07	9.80517e-07	9.80517e-07	9.80517e-07	9.80517e-07	9.80517e-07	9.80517e-07	9.80517e-07	9.80517e-07	9.80517e-07	9.80517e-07	9.80517e-07	9.80517e-07	9.80517e-07	9.80517e-07	9.80517e-07	9.80517e-07	9.80517e-07	9.80517e-07	9.80517e-07
22.18	6.01784e-09	3.47506e-08	6.74669e-08	1.03710e-07	1.46143e-07	1.97777e-07	2.61292e-07	3.38555e-07	4.30062e-07	5.34183e-07	6.46135e-07	7.56582e-07	8.49736e-07	9.00822e-07	9.03022e-07	9.03022e-07	9.03022e-07	9.03022e-07	9.03022e-07	9.03022e-07	9.03022e-07	9.03022e-07	9.03022e-07	9.03022e-07	9.03022e-07	9.03022e-07	9.03022e-07	9.03022e-07	9.03022e-07	9.03022e-07	9.03022e-07	9.03022e-07	9.03022e-07	9.03022e-07	9.03022e-07	9.03022e-07	9.03022e-07	9.03022e-07	9.03022e-07	9.03022e-07	9.03022e-07	9.03022e-07	9.03022e-07	9.03022e-07	9.03022e-07	9.03022e-07	9.03022e-07	9.03022e-07	9.03022e-07	9.03022e-07	9.03022e-07	9.03022e-07	9.03022e-07	9.03022e-07	9.03022e-07	9.03022e-07	9.03022e-07	9.03022e-07	9.03022e-07	9.03022e-07	9.03022e-07	9.03022e-07	9.03022e-07	9.03022e-07	9.03022e-07	9.03022e-07	9.03022e-07	9.03022e-07	9.03022e-07	9.03022e-07	9.03022e-07	9.03022e-07	9.03022e-07	9.03022e-07
22.24	5.57242e-09	3.14043e-08	5.97237e-08	9.02293e-08	1.25348e-07	1.67762e-07	2.19912e-07	2.83685e-07	3.60028e-07	4.48407e-07	5.46069e-07	6.47019e-07	7.40628e-07	8.09751e-07	8.30241e-07	8.30241e-07	8.30241e-07	8.30241e-07	8.30241e-07	8.30241e-07	8.30241e-07	8.30241e-07	8.30241e-07	8.30241e-07	8.30241e-07	8.30241e-07	8.30241e-07	8.30241e-07	8.30241e-07	8.30241e-07	8.30241e-07	8.30241e-07	8.30241e-07	8.30241e-07	8.30241e-07	8.30241e-07	8.30241e-07	8.30241e-07	8.30241e-07	8.30241e-07	8.30241e-07	8.30241e-07	8.30241e-07	8.30241e-07	8.30241e-07	8.30241e-07	8.30241e-07	8.30241e-07	8.30241e-07	8.30241e-07	8.30241e-07	8.30241e-07	8.30241e-07	8.30241e-07	8.30241e-07	8.30241e-07	8.30241e-07	8.30241e-07	8.30241e-07	8.30241e-07	8.30241e-07	8.30241e-07	8.30241e-07	8.30241e-07	8.30241e-07	8.30241e-07	8.30241e-07	8.30241e-07	8.30241e-07	8.30241e-07	8.30241e-07	8.30241e-07	8.30241e-07	8.30241e-07
22.30	5.29100e-09	2.90874e-08	5.40996e-08	8.01365e-08	1.09433e-07	1.44382e-07	1.87177e-07	2.39630e-07	3.02904e-07	3.77142e-07	4.60931e-07	5.50564e-07	6.39020e-07	7.14576e-07	7.58947e-07	7.62406e-07	7.62406e-07	7.62406e-07	7.62406e-07	7.62406e-07	7.62406e-07	7.62406e-07	7.62406e-07	7.62406e-07	7.62406e-07	7.62406e-07	7.62406e-07	7.62406e-07	7.62406e-07	7.62406e-07	7.62406e-07	7.62406e-07	7.62406e-07	7.62406e-07	7.62406e-07	7.62406e-07	7.62406e-07	7.62406e-07	7.62406e-07	7.62406e-07	7.62406e-07	7.62406e-07	7.62406e-07	7.62406e-07	7.62406e-07	7.62406e-07	7.62406e-07	7.62406e-07	7.62406e-07	7.62406e-07	7.62406e-07	7.62406e-07	7.62406e-07	7.62406e-07	7.62406e-07	7.62406e-07	7.62406e-07	7.62406e-07	7.62406e-07	7.62406e-07	7.62406e-07	7.62406e-07	7.62406e-07	7.62406e-07	7.62406e-07	7.62406e-07	7.62406e-07	7.62406e-07	7.62406e-07	7.62406e-07	7.62406e-07	7.62406e-07	7.62406e-07	7.62406e-07
22.36	5.14669e-09	2.76247e-08	5.02275e-08	7.28413e-08	9.75541e-08	1.26513e-07	1.61680e-07	2.04738e-07	2.56925e-07	3.18778e-07	3.89751e-07	4.67680e-07	5.48045e-07	6.22948e-07	6.79737e-07	6.99647e-07	6.99647e-07	6.99647e-07	6.99647e-07	6.99647e-07	6.99647e-07	6.99647e-07	6.99647e-07	6.99647e-07	6.99647e-07	6.99647e-07	6.99647e-07	6.99647e-07	6.99647e-07	6.99647e-07	6.99647e-07	6.99647e-07	6.99647e-07	6.99647e-07	6.99647e-07	6.99647e-07	6.99647e-07	6.99647e-07	6.99647e-07	6.99647e-07	6.99647e-07	6.99647e-07	6.99647e-07	6.99647e-07	6.99647e-07	6.99647e-07	6.99647e-07	6.99647e-07	6.99647e-07	6.99647e-07	6.99647e-07	6.99647e-07	6.99647e-07	6.99647e-07	6.99647e-07	6.99647e-07	6.99647e-07	6.99647e-07	6.99647e-07	6.99647e-07	6.99647e-07	6.99647e-07	6.99647e-07	6.99647e-07	6.99647e-07	6.99647e-07	6.99647e-07	6.99647e-07	6.99647e-07	6.99647e-07	6.99647e-07	6.99647e-07	6.99647e-07	6.99647e-07
22.42	5.11837e-09	2.68766e-08	4.78113e-08	6.78627e-08	8.90147e-08	1.13215e-07	1.42216e-07	1.77553e-07	2.20456e-07	2.71669e-07	3.31188e-07	3.97877e-07	4.68927e-07	5.39119e-07	5.99805e-07	6.37542e-07	6.42009e-07	6.42009e-07	6.42009e-07	6.42009e-07	6.42009e-07	6.42009e-07	6.42009e-07	6.42009e-07	6.42009e-07	6.42009e-07	6.42009e-07	6.42009e-07	6.42009e-07	6.42009e-07	6.42009e-07	6.42009e-07	6.42009e-07	6.42009e-07	6.42009e-07	6.42009e-07	6.42009e-07	6.42009e-07	6.42009e-07	6.42009e-07	6.42009e-07	6.42009e-07	6.42009e-07	6.42009e-07	6.42009e-07	6.42009e-07	6.42009e-07	6.42009e-07	6.42009e-07	6.42009e-07	6.42009e-07	6.42009e-07	6.42009e-07	6.42009e-07	6.42009e-07	6.42009e-07	6.42009e-07	6.42009e-07	6.42009e-07	6.42009e-07	6.42009e-07	6.42009e-07	6.42009e-07	6.42009e-07	6.42009e-07	6.42009e-07	6.42009e-07	6.42009e-07	6.42009e-07	6.42009e-07	6.42009e-07	6.42009e-07	6.42009e-07	6.42009e-07
22.48	5.18954e-09	2.67330e-08	4.66146e-08	6.48129e-08	8.32467e-08	1.03708e-07	1.27770e-07	1.56822e-07	1.92034e-07	2.34243e-07	2.83771e-07	3.40146e-07	4.01722e-07	4.65135e-07	5.24562e-07	5.70706e-07	5.89467e-07	5.89467e-07	5.89467e-07	5.89467e-07	5.89467e-07	5.89467e-07	5.89467e-07	5.89467e-07	5.89467e-07	5.89467e-07	5.89467e-07	5.89467e-07	5.89467e-07	5.89467e-07	5.89467e-07	5.89467e-07	5.89467e-07	5.89467e-07	5.89467e-07	5.89467e-07	5.89467e-07	5.89467e-07	5.89467e-07	5.89467e-07	5.89467e-07	5.89467e-07	5.89467e-07	5.89467e-07	5.89467e-07	5.89467e-07	5.89467e-07	5.89467e-07	5.89467e-07	5.89467e-07	5.89467e-07	5.89467e-07	5.89467e-07	5.89467e-07	5.89467e-07	5.89467e-07	5.89467e-07	5.89467e-07	5.89467e-07	5.89467e-07	5.89467e-07	5.89467e-07	5.89467e-07	5.89467e-07	5.89467e-07	5.89467e-07	5.89467e-07	5.89467e-07	5.89467e-07	5.89467e-07	5.89467e-07	5.89467e-07	5.89467e-07	5.89467e-07
22.54	5.34768e-09	2.71082e-08	4.64513e-08	6.33824e-08	7.97918e-08	9.73565e-08	1.17501e-07	1.41481e-07	1.70384e-07	2.05070e-07	2.46038e-07	2.93242e-07	3.45808e-07	4.01645e-07	4.56906e-07	5.05242e-07	5.36800e-07	5.41943e-07	5.41943e-07	5.41943e-07	5.41943e-07	5.41943e-07	5.41943e-07	5.41943e-07	5.41943e-07	5.41943e-07	5.41943e-07	5.41943e-07	5.41943e-07	5.41943e-07	5.41943e-07	5.41943e-07	5.41943e-07	5.41943e-07	5.41943e-07	5.41943e-07	5.41943e-07	5.41943e-07	5.41943e-07	5.41943e-07	5.41943e-07	5.41943e-07	5.41943e-07	5.41943e-07	5.41943e-07	5.41943e-07	5.41943e-07	5.41943e-07	5.41943e-07	5.41943e-07	5.41943e-07	5.41943e-07	5.41943e-07	5.41943e-07	5.41943e-07	5.41943e-07	5.41943e-07	5.41943e-07	5.41943e-07	5.41943e-07	5.41943e-07	5.41943e-07	5.41943e-07	5.41943e-07	5.41943e-07	5.41943e-07	5.41943e-07	5.41943e-07	5.41943e-07	5.41943e-07	5.41943e-07	5.41943e-07	5.41943e-07	5.41943e-07
22.60	5.58339e-09	2.79371e-08	4.71767e-08	6.33274e-08	7.82841e-08	9.36460e-08	1.10721e-07	1.30644e-07	1.54420e-07	1.82884e-07	2.16628e-07	2.55860e-07	3.00211e-07	3.48456e-07	3.98118e-07	4.44924e-07	4.82069e-07	4.99220e-07	4.99315e-07	4.99315e-07	4.99315e-07	4.99315e-07	4.99315e-07	4.99315e-07	4.99315e-07	4.99315e-07	4.99315e-07	4.99315e-07	4.99315e-07	4.99315e-07	4.99315e-07	4.99315e-07	4.99315e-07	4.99315e-07	4.99315e-07	4.99315e-07	4.99315e-07	4.99315e-07	4.99315e-07	4.99315e-07	4.99315e-07	4.99315e-07	4.99315e-07	4.99315e-07	4.99315e-07	4.99315e-07	4.99315e-07	4.99315e-07	4.99315e-07	4.99315e-07	4.99315e-07	4.99315e-07	4.99315e-07	4.99315e-07	4.99315e-07	4.99315e-07	4.99315e-07	4.99315e-07	4.99315e-07	4.99315e-07	4.99315e-07	4.99315e-07	4.99315e-07	4.99315e-07	4.99315e-07	4.99315e-07	4.99315e-07	4.99315e-07	4.99315e-07	4.99315e-07	4.99315e-07	4.99315e-07	4.99315e-07	4.99315e-07
22.66	5.88995e-09	2.91706e-08	4.86803e-08	6.44587e-08	7.84354e-08	9.21656e-08	1.06869e-07	1.23582e-07	1.43225e-07	1.66596e-07	1.94314e-07	2.26738e-07	2.63819e-07	3.04907e-07	3.48468e-07	3.91683e-07	4.29910e-07	4.55942e-07	4.61430e-07	4.61430e-07	4.61430e-07	4.61430e-07	4.61430e-07	4.61430e-07	4.61430e-07	4.61430e-07	4.61430e-07	4.61430e-07	4.61430e-07	4.61430e-07	4.61430e-07	4.61430e-07	4.61430e-07	4.61430e-07	4.61430e-07	4.61430e-07	4.61430e-07	4.61430e-07	4.61430e-07	4.61430e-07	4.61430e-07	4.61430e-07	4.61430e-07	4.61430e-07	4.61430e-07	4.61430e-07	4.61430e-07	4.61430e-07	4.61430e-07	4.61430e-07	4.61430e-07	4.61430e-07	4.61430e-07	4.61430e-07	4.61430e-07	4.61430e-07	4.61430e-07	4.61430e-07	4.61430e-07	4.61430e-07	4.61430e-07	4.61430e-07	4.61430e-07	4.61430e-07	4.61430e-07	4.61430e-07	4.61430e-07	4.61430e-07	4.61430e-07	4.61430e-07	4.61430e-07	4.61430e-07	4.61430e-07	4.61430e-07
22.72	6.26293e-09	3.07740e-08	5.08803e-08	6.66321e-08	8.00222e-08	9.25916e-08	1.05498e-07	1.19701e-07	1.36047e-07	1.55282e-07	1.78028e-07	2.04718e-07	2.35501e-07	2.70106e-07	3.07636e-07	3.46279e-07	3.82918e-07	4.12583e-07	4.27720e-07	4.28115e-07	4.28115e-07	4.28115e-07	4.28115e-07	4.28115e-07	4.28115e-07	4.28115e-07	4.28115e-07	4.28115e-07	4.28115e-07	4.28115e-07	4.28115e-07	4.28115e-07	4.28115e-07	4.28115e-07	4.28115e-07	4.28115e-07	4.28115e-07	4.28115e-07	4.28115e-07	4.28115e-07	4.28115e-07	4.28115e-07	4.28115e-07	4.28115e-07	4.28115e-07	4.28115e-07	4.28115e-07	4.28115e-07	4.28115e-07	4.28115e-07	4.28115e-07	4.28115e-07	4.28115e-07	4.28115e-07	4.28115e-07	4.28115e-07	4.28115e-07	4.28115e-07	4.28115e-07	4.28115e-07	4.28115e-07	4.28115e-07	4.28115e-07	4.28115e-07	4.28115e-07	4.28115e-07	4.28115e-07	4.28115e-07	4.28115e-07	4.28115e-07	4.28115e-07	4.28115e-07	4.28115e-07	4.28115e-07
22.78	6.69961e-09	3.27239e-08	5.37181e-08	6.97411e-08	8.28747e-08	9.46730e-08	1.06257e-07	1.18527e-07	1.32267e-07	1.48177e-07	1.66858e-07	1.88775e-07	2.14194e-07	2.43085e-07	2.74977e-07	3.08751e-07	3.42354e-07	3.72402e-07	3.93634e-07	3.99184e-07	3.99184e-07	3.99184e-07	3.99184e-07	3.99184e-07	3.99184e-07	3.99184e-07	3.99184e-07	3.99184e-07	3.99184e-07	3.99184e-07	3.99184e-07	3.99184e-07	3.99184e-07	3.99184e-07	3.99184e-07	3.99184e-07	3.99184e-07	3.99184e-07	3.99184e-07	3.99184e-07	3.99184e-07	3.99184e-07	3.99184e-07	3.99184e-07	3.99184e-07	3.99184e-07	3.99184e-07	3.99184e-07	3.99184e-07	3.99184e-07	3.99184e-07	3.99184e-07	3.99184e-07	3.99184e-07	3.99184e-07	3.99184e-07	3.99184e-07	3.99184e-07	3.99184e-07	3.99184e-07	3.99184e-07	3.99184e-07	3.99184e-07	3.99184e-07	3.99184e-07	3.99184e-07	3.99184e-07	3.99184e-07	3.99184e-07	3.99184e-07	3.99184e-07	3.99184e-07	3.99184e-07	3.99184e-07
22.84	7.19891e-09	3.50066e-08	5.71549e-08	7.37102e-08	8.68677e-08	9.82197e-08	1.08871e-07	1.19683e-07	1.31392e-07	1.44652e-07	1.60038e-07	1.78023e-07	1.98936e-07	2.22895e-07	2.49707e-07	2.78725e-07	3.08633e-07	3.37164e-07	3.60693e-07	3.73710e-07	3.74446e-07	3.74446e-07	3.74446e-07	3.74446e-07	3.74446e-07	3.74446e-07	3.74446e-07	3.74446e-07	3.74446e-07	3.74446e-07	3.74446e-07	3.74446e-07	3.74446e-07	3.74446e-07	3.74446e-07	3.74446e-07	3.74446e-07	3.74446e-07	3.74446e-07	3.74446e-07	3.74446e-07	3.74446e-07	3.74446e-07	3.74446e-07	3.74446e-07	3.74446e-07	3.74446e-07	3.74446e-07	3.74446e-07	3.74446e-07	3.74446e-07	3.74446e-07	3.74446e-07	3.74446e-07	3.74446e-07	3.74446e-07	3.74446e-07	3.74446e-07	3.74446e-07	3.74446e-07	3.74446e-07	3.74446e-07	3.74446e-07	3.74446e-07	3.74446e-07	3.74446e-07	3.74446e-07	3.74446e-07	3.74446e-07	3.74446e-07	3.74446e-07	3.74446e-07	3.74446e-07	3.74446e-07
22.90	7.76096e-09	3.76161e-08	6.11679e-08	7.84895e-08	9.19134e-08	1.03092e-07	1.13135e-07	1.22880e-07	1.33029e-07	1.44200e-07	1.56942e-07	1.71718e-07	1.88886e-07	2.08655e-07	2.31010e-07	2.55616e-07	2.81666e-07	3.07670e-07	3.31166e-07	3.48320e-07	3.53712e-07	3.53712e-07	3.53712e-07	3.53712e-07	3.53712e-07	3.53712e-07	3.53712e-07	3.53712e-07	3.53712e-07	3.53712e-07	3.53712e-07	3.53712e-07	3.53712e-07	3.53712e-07	3.53712e-07	3.53712e-07	3.53712e-07	3.53712e-07	3.53712e-07	3.53712e-07	3.53712e-07	3.53712e-07	3.53712e-07	3.53712e-07	3.53712e-07	3.53712e-07	3.53712e-07	3.53712e-07	3.53712e-07	3.53712e-07	3.53712e-07	3.53712e-07	3.53712e-07	3.53712e-07	3.53712e-07	3.53712e-07	3.53712e-07	3.53712e-07	3.53712e-07	3.53712e-07	3.53712e-07	3.53712e-07	3.53712e-07	3.53712e-07	3.53712e-07	3.53712e-07	3.53712e-07	3.53712e-07	3.53712e-07	3.53712e-07	3.53712e-07	3.53712e-07	3.53712e-07	3.53712e-07
22.96	8.38718e-09	4.05536e-08	6.57484e-08	8.40511e-08	9.79546e-08	1.09192e-07	1.18897e-07	1.27899e-07	1.36877e-07	1.46423e-07	1.57060e-07	1.69240e-07	1.83330e-07	1.99585e-07	2.18104e-07	2.38757e-07	2.61080e-07	2.84123e-07	3.06240e-07	3.24795e-07	3.35771e-07	3.36799e-07	3.36799e-07	3.36799e-07	3.36799e-07	3.36799e-07	3.36799e-07	3.36799e-07	3.36799e-07	3.36799e-07	3.36799e-07	3.36799e-07	3.36799e-07	3.36799e-07	3.36799e-07	3.36799e-07	3.36799e-07	3.36799e-07	3.36799e-07	3.36799e-07	3.36799e-07	3.36799e-07	3.36799e-07	3.36799e-07	3.36799e-07	3.36799e-07	3.36799e-07	3.36799e-07	3.36799e-07	3.36799e-07	3.36799e-07	3.36799e-07	3.36799e-07	3.36799e-07	3.36799e-07	3.36799e-07	3.36799e-07	3.36799e-07	3.36799e-07	3.36799e-07	3.36799e-07	3.36799e-07	3.36799e-07	3.36799e-07	3.36799e-07	3.36799e-07	3.36799e-07	3.36799e-07	3.36799e-07	3.36799e-07	3.36799e-07	3.36799e-07	3.36799e-07	3.36799e-07
23.02	9.07988e-09	4.38262e-08	7.08991e-08	9.03852e-08	1.04960e-07	1.16459e-07	1.26053e-07	1.34579e-07	1.42706e-07	1.51009e-07	1.59992e-07	1.70090e-07	1.81671e-07	1.95013e-07	2.10282e-07	2.27480e-07	2.46370e-07	2.66375e-07	2.86417e-07	3.04707e-07	3.18457e-07	3.23535e-07	3.23535e-07	3.23535e-07	3.23535e-07	3.23535e-07	3.23535e-07	3.23535e-07	3.23535e-07	3.23535e-07	3.23535e-07	3.23535e-07	3.23535e-07	3.23535e-07	3.23535e-07	3.23535e-07	3.23535e-07	3.23535e-07	3.23535e-07	3.23535e-07	3.23535e-07	3.23535e-07	3.23535e-07	3.23535e-07	3.23535e-07	3.23535e-07	3.23535e-07	3.23535e-07	3.23535e-07	3.23535e-07	3.23535e-07	3.23535e-07	3.23535e-07	3.23535e-07	3.23535e-07	3.23535e-07	3.23535e-07	3.23535e-07	3.23535e-07	3.23535e-07	3.23535e-07	3.23535e-07	3.23535e-07	3.23535e-07	3.23535e-07	3.23535e-07	3.23535e-07	3.23535e-07	3.23535e-07	3.23535e-07	3.23535e-07	3.23535e-07	3.23535e-07	3.23535e-07
23.09	9.84241e-09	4.74462e-08	7.66334e-08	9.74975e-08	1.12921e-07	1.24858e-07	1.34536e-07	1.42810e-07	1.50351e-07	1.57726e-07	1.65424e-07	1.73871e-07	1.83425e-07	1.94376e-07	2.06926e-07	2.21158e-07	2.36989e-07	2.54089e-07	2.71775e-07	2.88855e-07	3.03414e-07	3.12526e-07	3.13763e-07	3.13763e-07	3.13763e-07	3.13763e-07	3.13763e-07	3.13763e-07	3.13763e-07	3.13763e-07	3.13763e-07	3.13763e-07	3.13763e-07	3.13763e-07	3.13763e-07	3.13763e-07	3.13763e-07	3.13763e-07	3.13763e-07	3.13763e-07	3.13763e-07	3.13763e-07	3.13763e-07	3.13763e-07	3.13763e-07	3.13763e-07	3.13763e-07	3.13763e-07	3.13763e-07	3.13763e-07	3.13763e-07	3.13763e-07	3.13763e-07	3.13763e-07	3.13763e-07	3.13763e-07	3.13763e-07	3.13763e-07	3.13763e-07	3.13763e-07	3.13763e-07	3.13763e-07	3.13763e-07	3.13763e-07	3.13763e-07	3.13763e-07	3.13763e-07	3.13763e-07	3.13763e-07	3.13763e-07	3.13763e-07	3.13763e-07	3.13763e-07	3.13763e-07
23.15	1.06787e-08	5.14306e-08	8.29733e-08	1.05408e-07	1.21847e-07	1.34383e-07	1.44314e-07	1.52525e-07	1.59700e-07	1.66406e-07	1.73126e-07	1.80275e-07	1.88207e-07	1.97213e-07	2.07513e-07	2.19239e-07	2.32405e-07	2.46847e-07	2.62153e-07	2.77547e-07	2.91731e-07	3.02678e-07	3.07341e-07	3.07343e-07	3.07343e-07	3.07343e-07	3.07343e-07	3.07343e-07	3.07343e-07	3.07343e-07	3.07343e-07	3.07343e-07	3.07343e-07	3.07343e-07	3.07343e-07	3.07343e-07	3.07343e-07	3.07343e-07	3.07343e-07	3.07343e-07	3.07343e-07	3.07343e-07	3.07343e-07	3.07343e-07	3.07343e-07	3.07343e-07	3.07343e-07	3.07343e-07	3.07343e-07	3.07343e-07	3.07343e-07	3.07343e-07	3.07343e-07	3.07343e-07	3.07343e-07	3.07343e-07	3.07343e-07	3.07343e-07	3.07343e-07	3.07343e-07	3.07343e-07	3.07343e-07	3.07343e-07	3.07343e-07	3.07343e-07	3.07343e-07	3.07343e-07	3.07343e-07	3.07343e-07	3.07343e-07	3.07343e-07	3.07343e-07	3.07343e-07	3.07343e-07
23.21	1.15937e-08	5.58011e-08	8.99491e-08	1.14147e-07	1.31764e-07	1.45049e-07	1.55382e-07	1.63693e-07	1.70685e-07	1.76935e-07	1.82928e-07	1.89075e-07	1.95722e-07	2.03159e-07	2.11614e-07	2.21249e-07	2.32134e-07	2.44219e-07	2.57271e-07	2.70802e-07	2.83949e-07	2.95323e-07	3.02795e-07	3.04153e-07	3.04153e-07	3.04153e-07	3.04153e-07	3.04153e-07	3.04153e-07	3.04153e-07	3.04153e-07	3.04153e-07	3.04153e-07	3.04153e-07	3.04153e-07	3.04153e-07	3.04153e-07	3.04153e-07	3.04153e-07	3.04153e-07	3.04153e-07	3.04153e-07	3.04153e-07	3.04153e-07	3.04153e-07	3.04153e-07	3.04153e-07	3.04153e-07	3.04153e-07	3.04153e-07	3.04153e-07	3.04153e-07	3.04153e-07	3.04153e-07	3.04153e-07	3.04153e-07	3.04153e-07	3.04153e-07	3.04153e-07	3.04153e-07	3.04153e-07	3.04153e-07	3.04153e-07	3.04153e-07	3.04153e-07	3.04153e-07	3.04153e-07	3.04153e-07	3.04153e-07	3.04153e-07	3.04153e-07	3.04153e-07	3.04153e-07	3.04153e-07
23.27	1.25932e-08	6.05827e-08	9.75986e-08	1.23759e-07	1.42713e-07	1.56888e-07	1.67760e-07	1.76311e-07	1.83276e-07	1.89250e-07	1.94723e-07	2.00108e-07	2.05749e-07	2.11932e-07	2.18889e-07	2.26796e-07	2.35759e-07	2.45798e-07	2.56801e-07	2.68477e-07	2.80265e-07	2.91228e-07	2.99893e-07	3.04040e-07	3.04093e-07	3.04093e-07	3.04093e-07	3.04093e-07	3.04093e-07	3.04093e-07	3.04093e-07	3.04093e-07	3.04093e-07	3.04093e-07	3.04093e-07	3.04093e-07	3.04093e-07	3.04093e-07	3.04093e-07	3.04093e-07	3.04093e-07	3.04093e-07	3.04093e-07	3.04093e-07	3.04093e-07	3.04093e-07	3.04093e-07	3.04093e-07	3.04093e-07	3.04093e-07	3.04093e-07	3.04093e-07	3.04093e-07	3.04093e-07	3.04093e-07	3.04093e-07	3.04093e-07	3.04093e-07	3.04093e-07	3.04093e-07	3.04093e-07	3.04093e-07	3.04093e-07	3.04093e-07	3.04093e-07	3.04093e-07	3.04093e-07	3.04093e-07	3.04093e-07	3.04093e-07	3.04093e-07	3.04093e-07	3.04093e-07	3.04093e-07
23.33	1.36830e-08	6.58050e-08	1.05966e-07	1.34295e-07	1.54748e-07	1.69951e-07	1.81488e-07	1.90405e-07	1.97477e-07	2.03323e-07	2.08448e-07	2.13271e-07	2.18136e-07	2.23328e-07	2.29079e-07	2.35571e-07	2.42933e-07	2.51226e-07	2.60420e-07	2.70353e-07	2.80676e-07	2.90768e-07	2.99621e-07	3.05686e-07	3.07085e-07	3.07085e-07	3.07085e-07	3.07085e-07	3.07085e-07	3.07085e-07	3.07085e-07	3.07085e-07	3.07085e-07	3.07085e-07	3.07085e-07	3.07085e-07	3.07085e-07	3.07085e-07	3.07085e-07	3.07085e-07	3.07085e-07	3.07085e-07	3.07085e-07	3.07085e-07	3.07085e-07	3.07085e-07	3.07085e-07	3.07085e-07	3.07085e-07	3.07085e-07	3.07085e-07	3.07085e-07	3.07085e-07	3.07085e-07	3.07085e-07	3.07085e-07	3.07085e-07	3.07085e-07	3.07085e-07	3.07085e-07	3.07085e-07	3.07085e-07	3.07085e-07	3.07085e-07	3.07085e-07	3.07085e-07	3.07085e-07	3.07085e-07	3.07085e-07	3.07085e-07	3.07085e-07	3.07085e-07	3.07085e-07	3.07085e-07
23.39	1.48718e-08	7.15020e-08	1.15105e-07	1.45818e-07	1.67937e-07	1.84305e-07	1.96627e-07	2.06025e-07	2.13321e-07	2.19166e-07	2.24086e-07	2.28510e-07	2.32788e-07	2.37206e-07	2.41995e-07	2.47340e-07	2.53381e-07	2.60206e-07	2.67835e-07	2.76194e-07	2.85077e-07	2.94082e-07	3.02531e-07	3.09355e-07	3.12938e-07	3.13074e-07	3.13074e-07	3.13074e-07	3.13074e-07	3.13074e-07	3.13074e-07	3.13074e-07	3.13074e-07	3.13074e-07	3.13074e-07	3.13074e-07	3.13074e-07	3.13074e-07	3.13074e-07	3.13074e-07	3.13074e-07	3.13074e-07	3.13074e-07	3.13074e-07	3.13074e-07	3.13074e-07	3.13074e-07	3.13074e-07	3.13074e-07	3.13074e-07	3.13074e-07	3.13074e-07	3.13074e-07	3.13074e-07	3.13074e-07	3.13074e-07	3.13074e-07	3.13074e-07	3.13074e-07	3.13074e-07	3.13074e-07	3.13074e-07	3.13074e-07	3.13074e-07	3.13074e-07	3.13074e-07	3.13074e-07	3.13074e-07	3.13074e-07	3.13074e-07	3.13074e-07	3.13074e-07	3.13074e-07	3.13074e-07
23.45	1.61657e-08	7.77108e-08	1.25072e-07	1.58400e-07	1.82358e-07	2.00028e-07	2.13254e-07	2.23239e-07	2.30865e-07	2.36818e-07	2.41652e-07	2.45814e-07	2.49661e-07	2.53484e-07	2.57514e-07	2.61937e-07	2.66899e-07	2.72503e-07	2.78800e-07	2.85775e-07	2.93316e-07	3.01174e-07	3.08902e-07	3.15770e-07	3.20651e-07	3.22029e-07	3.22029e-07	3.22029e-07	3.22029e-07	3.22029e-07	3.22029e-07	3.22029e-07	3.22029e-07	3.22029e-07	3.22029e-07	3.22029e-07	3.22029e-07	3.22029e-07	3.22029e-07	3.22029e-07	3.22029e-07	3.22029e-07	3.22029e-07	3.22029e-07	3.22029e-07	3.22029e-07	3.22029e-07	3.22029e-07	3.22029e-07	3.22029e-07	3.22029e-07	3.22029e-07	3.22029e-07	3.22029e-07	3.22029e-07	3.22029e-07	3.22029e-07	3.22029e-07	3.22029e-07	3.22029e-07	3.22029e-07	3.22029e-07	3.22029e-07	3.22029e-07	3.22029e-07	3.22029e-07	3.22029e-07	3.22029e-07	3.22029e-07	3.22029e-07	3.22029e-07	3.22029e-07	3.22029e-07	3.22029e-07
23.51	1.75744e-08	8.44737e-08	1.35935e-07	1.72123e-07	1.98102e-07	2.17217e-07	2.31463e-07	2.42140e-07	2.50189e-07	2.56347e-07	2.61198e-07	2.65210e-07	2.68756e-07	2.72130e-07	2.75569e-07	2.79258e-07	2.83347e-07	2.87945e-07	2.93125e-07	2.98906e-07	3.05241e-07	3.11985e-07	3.18849e-07	3.25345e-07	3.30696e-07	3.33726e-07	3.33943e-07	3.33943e-07	3.33943e-07	3.33943e-07	3.33943e-07	3.33943e-07	3.33943e-07	3.33943e-07	3.33943e-07	3.33943e-07	3.33943e-07	3.33943e-07	3.33943e-07	3.33943e-07	3.33943e-07	3.33943e-07	3.33943e-07	3.33943e-07	3.33943e-07	3.33943e-07	3.33943e-07	3.33943e-07	3.33943e-07	3.33943e-07	3.33943e-07	3.33943e-07	3.33943e-07	3.33943e-07	3.33943e-07	3.33943e-07	3.33943e-07	3.33943e-07	3.33943e-07	3.33943e-07	3.33943e-07	3.33943e-07	3.33943e-07	3.33943e-07	3.33943e-07	3.33943e-07	3.33943e-07	3.33943e-07	3.33943e-07	3.33943e-07	3.33943e-07	3.33943e-07	3.33943e-07	3.33943e-07
23.57	1.91084e-08	9.18367e-08	1.47767e-07	1.87077e-07	2.15271e-07	2.35980e-07	2.51367e-07	2.62834e-07	2.71398e-07	2.77846e-07	2.82801e-07	2.86760e-07	2.90110e-07	2.93158e-07	2.96143e-07	2.99255e-07	3.02643e-07	3.06421e-07	3.10673e-07	3.15442e-07	3.20721e-07	3.26434e-07	3.32404e-07	3.38309e-07	3.43621e-07	3.47523e-07	3.48834e-07	3.48834e-07	3.48834e-07	3.48834e-07	3.48834e-07	3.48834e-07	3.48834e-07	3.48834e-07	3.48834e-07	3.48834e-07	3.48834e-07	3.48834e-07	3.48834e-07	3.48834e-07	3.48834e-07	3.48834e-07	3.48834e-07	3.48834e-07	3.48834e-07	3.48834e-07	3.48834e-07	3.48834e-07	3.48834e-07	3.48834e-07	3.48834e-07	3.48834e-07	3.48834e-07	3.48834e-07	3.48834e-07	3.48834e-07	3.48834e-07	3.48834e-07	3.48834e-07	3.48834e-07	3.48834e-07	3.48834e-07	3.48834e-07	3.48834e-07	3.48834e-07	3.48834e-07	3.48834e-07	3.48834e-07	3.48834e-07	3.48834e-07	3.48834e-07	3.48834e-07	3.48834e-07	3.48834e-07
23.63	2.07772e-08	9.98507e-08	1.60649e-07	2.03363e-07	2.33980e-07	2.56439e-07	2.73089e-07	2.85448e-07	2.94613e-07	3.01431e-07	3.06569e-07	3.10555e-07	3.13799e-07	3.16620e-07	3.19266e-07	3.21929e-07	3.24760e-07	3.27875e-07	3.31365e-07	3.35285e-07	3.39657e-07	3.44448e-07	3.49559e-07	3.54782e-07	3.59764e-07	3.63944e-07	3.66466e-07	3.66745e-07	3.66745e-07	3.66745e-07	3.66745e-07	3.66745e-07	3.66745e-07	3.66745e-07	3.66745e-07	3.66745e-07	3.66745e-07	3.66745e-07	3.66745e-07	3.66745e-07	3.66745e-07	3.66745e-07	3.66745e-07	3.66745e-07	3.66745e-07	3.66745e-07	3.66745e-07	3.66745e-07	3.66745e-07	3.66745e-07	3.66745e-07	3.66745e-07	3.66745e-07	3.66745e-07	3.66745e-07	3.66745e-07	3.66745e-07	3.66745e-07	3.66745e-07	3.66745e-07	3.66745e-07	3.66745e-07	3.66745e-07	3.66745e-07	3.66745e-07	3.66745e-07	3.66745e-07	3.66745e-07	3.66745e-07	3.66745e-07	3.66745e-07	3.66745e-07	3.66745e-07	3.66745e-07
23.69	2.25927e-08	1.08571e-07	1.74668e-07	2.21094e-07	2.54354e-07	2.78731e-07	2.96773e-07	3.10127e-07	3.19978e-07	3.27239e-07	3.32631e-07	3.36714e-07	3.39928e-07	3.42606e-07	3.45006e-07	3.47326e-07	3.49718e-07	3.52304e-07	3.55172e-07	3.58390e-07	3.61993e-07	3.65981e-07	3.70301e-07	3.74829e-07	3.79334e-07	3.83432e-07	3.86531e-07	3.87746e-07	3.87746e-07	3.87746e-07	3.87746e-07	3.87746e-07	3.87746e-07	3.87746e-07	3.87746e-07	3.87746e-07	3.87746e-07	3.87746e-07	3.87746e-07	3.87746e-07	3.87746e-07	3.87746e-07	3.87746e-07	3.87746e-07	3.87746e-07	3.87746e-07	3.87746e-07	3.87746e-07	3.87746e-07	3.87746e-07	3.87746e-07	3.87746e-07	3.87746e-07	3.87746e-07	3.87746e-07	3.87746e-07	3.87746e-07	3.87746e-07	3.87746e-07	3.87746e-07	3.87746e-07	3.87746e-07	3.87746e-07	3.87746e-07	3.87746e-07	3.87746e-07	3.87746e-07	3.87746e-07	3.87746e-07	3.87746e-07	3.87746e-07	3.87746e-07	3.87746e-07	3.87746e-07
23.75	2.45675e-08	1.18058e-07	1.89923e-07	2.40390e-07	2.76533e-07	3.03006e-07	3.22577e-07	3.37031e-07	3.47653e-07	3.55432e-07	3.61140e-07	3.65385e-07	3.68631e-07	3.71235e-07	3.73467e-07	3.75532e-07	3.77585e-07	3.79749e-07	3.82117e-07	3.84758e-07	3.87719e-07	3.91018e-07	3.94636e-07	3.98503e-07	4.02470e-07	4.06285e-07	4.09539e-07	4.11611e-07	4.11931e-07	4.11931e-07	4.11931e-07	4.11931e-07	4.11931e-07	4.11931e-07	4.11931e-07	4.11931e-07	4.11931e-07	4.11931e-07	4.11931e-07	4.11931e-07	4.11931e-07	4.11931e-07	4.11931e-07	4.11931e-07	4.11931e-07	4.11931e-07	4.11931e-07	4.11931e-07	4.11931e-07	4.11931e-07	4.11931e-07	4.11931e-07	4.11931e-07	4.11931e-07	4.11931e-07	4.11931e-07	4.11931e-07	4.11931e-07	4.11931e-07	4.11931e-07	4.11931e-07	4.11931e-07	4.11931e-07	4.11931e-07	4.11931e-07	4.11931e-07	4.11931e-07	4.11931e-07	4.11931e-07	4.11931e-07	4.11931e-07	4.11931e-07	4.11931e-07	4.11931e-07
23.81	2.67156e-08	1.28377e-07	2.06519e-07	2.61386e-07	3.00670e-07	3.29431e-07	3.50675e-07	3.66341e-07	3.77823e-07	3.86188e-07	3.92276e-07	3.96737e-07	4.00073e-07	4.02662e-07	4.04790e-07	4.06671e-07	4.08467e-07	4.10301e-07	4.12268e-07	4.14440e-07	4.16870e-07	4.19587e-07	4.22595e-07	4.25858e-07	4.29287e-07	4.32717e-07	4.35872e-07	4.38321e-07	4.39419e-07	4.39423e-07	4.39423e-07	4.39423e-07	4.39423e-07	4.39423e-07	4.39423e-07	4.39423e-07	4.39423e-07	4.39423e-07	4.39423e-07	4.39423e-07	4.39423e-07	4.39423e-07	4.39423e-07	4.39423e-07	4.39423e-07	4.39423e-07	4.39423e-07	4.39423e-07	4.39423e-07	4.39423e-07	4.39423e-07	4.39423e-07	4.39423e-07	4.39423e-07	4.39423e-07	4.39423e-07	4.39423e-07	4.39423e-07	4.39423e-07	4.39423e-07	4.39423e-07	4.39423e-07	4.39423e-07	4.39423e-07	4.39423e-07	4.39423e-07	4.39423e-07	4.39423e-07	4.39423e-07	4.39423e-07	4.39423e-07	4.39423e-07	4.39423e-07	4.39423e-07
23.88	2.90521e-08	1.39602e-07	2.24572e-07	2.84228e-07	3.26932e-07	3.58188e-07	3.81261e-07	3.98256e-07	4.10687e-07	4.19713e-07	4.26239e-07	4.30970e-07	4.34444e-07	4.37069e-07	4.39147e-07	4.40904e-07	4.42508e-07	4.44087e-07	4.45737e-07	4.47531e-07	4.49526e-07	4.51759e-07	4.54245e-07	4.56973e-07	4.59894e-07	4.62904e-07	4.65820e-07	4.68346e-07	4.70030e-07	4.70370e-07	4.70370e-07	4.70370e-07	4.70370e-07	4.70370e-07	4.70370e-07	4.70370e-07	4.70370e-07	4.70370e-07	4.70370e-07	4.70370e-07	4.70370e-07	4.70370e-07	4.70370e-07	4.70370e-07	4.70370e-07	4.70370e-07	4.70370e-07	4.70370e-07	4.70370e-07	4.70370e-07	4.70370e-07	4.70370e-07	4.70370e-07	4.70370e-07	4.70370e-07	4.70370e-07	4.70370e-07	4.70370e-07	4.70370e-07	4.70370e-07	4.70370e-07	4.70370e-07	4.70370e-07	4.70370e-07	4.70370e-07	4.70370e-07	4.70370e-07	4.70370e-07	4.70370e-07	4.70370e-07	4.70370e-07	4.70370e-07	4.70370e-07	4.70370e-07
23.94	3.15932e-08	1.51811e-07	2.44208e-07	3.09074e-07	3.55503e-07	3.89476e-07	4.14544e-07	4.32995e-07	4.46471e-07	4.56230e-07	4.63253e-07	4.68304e-07	4.71962e-07	4.74666e-07	4.76740e-07	4.78422e-07	4.79891e-07	4.81276e-07	4.82678e-07	4.84171e-07	4.85813e-07	4.87645e-07	4.89691e-07	4.91957e-07	4.94418e-07	4.97012e-07	4.99620e-07	5.02044e-07	5.03971e-07	5.04930e-07	5.04952e-07	5.04952e-07	5.04952e-07	5.04952e-07	5.04952e-07	5.04952e-07	5.04952e-07	5.04952e-07	5.04952e-07	5.04952e-07	5.04952e-07	5.04952e-07	5.04952e-07	5.04952e-07	5.04952e-07	5.04952e-07	5.04952e-07	5.04952e-07	5.04952e-07	5.04952e-07	5.04952e-07	5.04952e-07	5.04952e-07	5.04952e-07	5.04952e-07	5.04952e-07	5.04952e-07	5.04952e-07	5.04952e-07	5.04952e-07	5.04952e-07	5.04952e-07	5.04952e-07	5.04952e-07	5.04952e-07	5.04952e-07	5.04952e-07	5.04952e-07	5.04952e-07	5.04952e-07	5.04952e-07	5.04952e-07	5.04952e-07	5.04952e-07
24.00	3.43567e-08	1.65090e-07	2.65565e-07	3.36100e-07	3.86581e-07	4.23514e-07	4.50757e-07	4.70798e-07	4.85420e-07	4.95988e-07	5.03569e-07	5.08988e-07	5.12872e-07	5.15695e-07	5.17803e-07	5.19453e-07	5.20831e-07	5.22074e-07	5.23285e-07	5.24540e-07	5.25898e-07	5.27402e-07	5.29083e-07	5.30954e-07	5.33009e-07	5.35214e-07	5.37494e-07	5.39719e-07	5.41675e-07	5.43032e-07	5.43374e-07	5.43374e-07	5.43374e-07	5.43374e-07	5.43374e-07	5.43374e-07	5.43374e-07	5.43374e-07	5.43374e-07	5.43374e-07	5.43374e-07	5.43374e-07	5.43374e-07	5.43374e-07	5.43374e-07	5.43374e-07	5.43374e-07	5.43374e-07	5.43374e-07	5.43374e-07	5.43374e-07	5.43374e-07	5.43374e-07	5.43374e-07	5.43374e-07	5.43374e-07	5.43374e-07	5.43374e-07	5.43374e-07	5.43374e-07	5.43374e-07	5.43374e-07	5.43374e-07	5.43374e-07	5.43374e-07	5.43374e-07	5.43374e-07	5.43374e-07	5.43374e-07	5.43374e-07	5.43374e-07	5.43374e-07	5.43374e-07	5.43374e-07
24.06	3.73626e-08	1.79532e-07	2.88794e-07	3.65495e-07	4.20386e-07	4.60539e-07	4.90152e-07	5.11927e-07	5.27803e-07	5.39262e-07	5.47461e-07	5.53296e-07	5.57447e-07	5.60425e-07	5.62603e-07	5.64255e-07	5.65580e-07	5.66723e-07	5.67790e-07	5.68859e-07	5.69991e-07	5.71230e-07	5.72609e-07	5.74148e-07	5.75852e-07	5.77706e-07	5.79666e-07	5.81648e-07	5.83506e-07	5.85016e-07	5.85835e-07	5.85877e-07	5.85877e-07	5.85877e-07	5.85877e-07	5.85877e-07	5.85877e-07	5.85877e-07	5.85877e-07	5.85877e-07	5.85877e-07	5.85877e-07	5.85877e-07	5.85877e-07	5.85877e-07	5.85877e-07	5.85877e-07	5.85877e-07	5.85877e-07	5.85877e-07	5.85877e-07	5.85877e-07	5.85877e-07	5.85877e-07	5.85877e-07	5.85877e-07	5.85877e-07	5.85877e-07	5.85877e-07	5.85877e-07	5.85877e-07	5.85877e-07	5.85877e-07	5.85877e-07	5.85877e-07	5.85877e-07	5.85877e-07	5.85877e-07	5.85877e-07	5.85877e-07	5.85877e-07	5.85877e-07	5.85877e-07	5.85877e-07
24.12	4.06309e-08	1.95237e-07	3.14057e-07	3.97464e-07	4.57152e-07	5.00811e-07	5.33004e-07	5.56670e-07	5.73914e-07	5.86349e-07	5.95232e-07	6.01532e-07	6.05989e-07	6.09155e-07	6.11433e-07	6.13118e-07	6.14423e-07	6.15500e-07	6.16461e-07	6.17388e-07	6.18341e-07	6.19367e-07	6.20500e-07	6.21763e-07	6.23170e-07	6.24716e-07	6.26379e-07	6.28105e-07	6.29800e-07	6.31311e-07	6.32397e-07	6.32728e-07	6.32728e-07	6.32728e-07	6.32728e-07	6.32728e-07	6.32728e-07	6.32728e-07	6.32728e-07	6.32728e-07	6.32728e-07	6.32728e-07	6.32728e-07	6.32728e-07	6.32728e-07	6.32728e-07	6.32728e-07	6.32728e-07	6.32728e-07	6.32728e-07	6.32728e-07	6.32728e-07	6.32728e-07	6.32728e-07	6.32728e-07	6.32728e-07	6.32728e-07	6.32728e-07	6.32728e-07	6.32728e-07	6.32728e-07	6.32728e-07	6.32728e-07	6.32728e-07	6.32728e-07	6.32728e-07	6.32728e-07	6.32728e-07	6.32728e-07	6.32728e-07	6.32728e-07	6.32728e-07	6.32728e-07	6.32728e-07
24.18	4.41859e-08	2.12318e-07	3.41531e-07	4.32233e-07	4.97139e-07	5.44612e-07	5.79614e-07	6.05339e-07	6.24076e-07	6.37579e-07	6.47211e-07	6.54028e-07	6.58830e-07	6.62216e-07	6.64623e-07	6.66368e-07	6.67680e-07	6.68720e-07	6.69608e-07	6.70427e-07	6.71242e-07	6.72098e-07	6.73032e-07	6.74069e-07	6.75225e-07	6.76506e-07	6.77902e-07	6.79382e-07	6.80885e-07	6.82308e-07	6.83487e-07	6.84172e-07	6.84233e-07	6.84233e-07	6.84233e-07	6.84233e-07	6.84233e-07	6.84233e-07	6.84233e-07	6.84233e-07	6.84233e-07	6.84233e-07	6.84233e-07	6.84233e-07	6.84233e-07	6.84233e-07	6.84233e-07	6.84233e-07	6.84233e-07	6.84233e-07	6.84233e-07	6.84233e-07	6.84233e-07	6.84233e-07	6.84233e-07	6.84233e-07	6.84233e-07	6.84233e-07	6.84233e-07	6.84233e-07	6.84233e-07	6.84233e-07	6.84233e-07	6.84233e-07	6.84233e-07	6.84233e-07	6.84233e-07	6.84233e-07	6.84233e-07	6.84233e-07	6.84233e-07	6.84233e-07	6.84233e-07	6.84233e-07
24.24	4.80520e-08	2.30894e-07	3.71411e-07	4.70047e-07	5.40628e-07	5.92250e-07	6.30308e-07	6.58275e-07	6.78640e-07	6.93308e-07	7.03762e-07	7.11148e-07	7.16336e-07	7.19974e-07	7.22536e-07	7.24365e-07	7.25707e-07	7.26735e-07	7.27576e-07	7.28317e-07	7.29025e-07	7.29748e-07	7.30522e-07	7.31375e-07	7.32324e-07	7.33380e-07	7.34543e-07	7.35795e-07	7.37101e-07	7.38391e-07	7.39555e-07	7.40419e-07	7.40730e-07	7.40730e-07	7.40730e-07	7.40730e-07	7.40730e-07	7.40730e-07	7.40730e-07	7.40730e-07	7.40730e-07	7.40730e-07	7.40730e-07	7.40730e-07	7.40730e-07	7.40730e-07	7.40730e-07	7.40730e-07	7.40730e-07	7.40730e-07	7.40730e-07	7.40730e-07	7.40730e-07	7.40730e-07	7.40730e-07	7.40730e-07	7.40730e-07	7.40730e-07	7.40730e-07	7.40730e-07	7.40730e-07	7.40730e-07	7.40730e-07	7.40730e-07	7.40730e-07	7.40730e-07	7.40730e-07	7.40730e-07	7.40730e-07	7.40730e-07	7.40730e-07	7.40730e-07	7.40730e-07	7.40730e-07
24.30	5.22565e-08	2.51096e-07	4.03907e-07	5.11171e-07	5.87925e-07	6.44061e-07	6.85443e-07	7.15850e-07	7.37988e-07	7.53927e-07	7.65279e-07	7.73290e-07	7.78905e-07	7.82827e-07	7.85570e-07	7.87505e-07	7.88898e-07	7.89935e-07	7.90750e-07	7.91438e-07	7.92067e-07	7.92686e-07	7.93334e-07	7.94037e-07	7.94816e-07	7.95684e-07	7.96646e-07	7.97696e-07	7.98812e-07	7.99952e-07	8.01040e-07	8.01957e-07	8.02523e-07	8.02596e-07	8.02596e-07	8.02596e-07	8.02596e-07	8.02596e-07	8.02596e-07	8.02596e-07	8.02596e-07	8.02596e-07	8.02596e-07	8.02596e-07	8.02596e-07	8.02596e-07	8.02596e-07	8.02596e-07	8.02596e-07	8.02596e-07	8.02596e-07	8.02596e-07	8.02596e-07	8.02596e-07	8.02596e-07	8.02596e-07	8.02596e-07	8.02596e-07	8.02596e-07	8.02596e-07	8.02596e-07	8.02596e-07	8.02596e-07	8.02596e-07	8.02596e-07	8.02596e-07	8.02596e-07	8.02596e-07	8.02596e-07	8.02596e-07	8.02596e-07	8.02596e-07	8.02596e-07	8.02596e-07
24.36	5.40971e-08	2.70335e-07	4.36516e-07	5.53164e-07	6.36632e-07	6.97676e-07	7.42676e-07	7.75738e-07	7.99806e-07	8.17130e-07	8.29463e-07	8.38158e-07	8.44243e-07	8.48481e-07	8.51431e-07	8.53493e-07	8.54955e-07	8.56020e-07	8.56828e-07	8.57483e-07	8.58054e-07	8.58595e-07	8.59142e-07	8.59726e-07	8.60367e-07	8.61079e-07	8.61872e-07	8.62745e-07	8.63688e-07	8.64675e-07	8.65656e-07	8.66551e-07	8.67235e-07	8.67519e-07	8.67519e-07	8.67519e-07	8.67519e-07	8.67519e-07	8.67519e-07	8.67519e-07	8.67519e-07	8.67519e-07	8.67519e-07	8.67519e-07	8.67519e-07	8.67519e-07	8.67519e-07	8.67519e-07	8.67519e-07	8.67519e-07	8.67519e-07	8.67519e-07	8.67519e-07	8.67519e-07	8.67519e-07	8.67519e-07	8.67519e-07	8.67519e-07	8.67519e-07	8.67519e-07	8.67519e-07	8.67519e-07	8.67519e-07	8.67519e-07	8.67519e-07	8.67519e-07	8.67519e-07	8.67519e-07	8.67519e-07	8.67519e-07	8.67519e-07	8.67519e-07	8.67519e-07	8.67519e-07
24.42	4.13027e-08	2.61259e-07	4.41980e-07	5.68833e-07	6.59603e-07	7.25986e-07	7.74920e-07	8.10871e-07	8.37039e-07	8.55871e-07	8.69273e-07	8.78717e-07	8.85318e-07	8.89906e-07	8.93087e-07	8.95297e-07	8.96847e-07	8.97954e-07	8.98772e-07	8.99410e-07	8.99942e-07	9.00424e-07	9.00895e-07	9.01384e-07	9.01913e-07	9.02498e-07	9.03149e-07	9.03871e-07	9.04660e-07	9.05502e-07	9.06365e-07	9.07195e-07	9.07907e-07	9.08370e-07	9.08450e-07	9.08450e-07	9.08450e-07	9.08450e-07	9.08450e-07	9.08450e-07	9.08450e-07	9.08450e-07	9.08450e-07	9.08450e-07	9.08450e-07	9.08450e-07	9.08450e-07	9.08450e-07	9.08450e-07	9.08450e-07	9.08450e-07	9.08450e-07	9.08450e-07	9.08450e-07	9.08450e-07	9.08450e-07	9.08450e-07	9.08450e-07	9.08450e-07	9.08450e-07	9.08450e-07	9.08450e-07	9.08450e-07	9.08450e-07	9.08450e-07	9.08450e-07	9.08450e-07	9.08450e-07	9.08450e-07	9.08450e-07	9.08450e-07	9.08450e-07	9.08450e-07	9.08450e-07
24.48	3.12295e-08	2.15998e-07	4.12532e-07	5.50484e-07	6.49195e-07	7.21385e-07	7.74598e-07	8.13691e-07	8.42145e-07	8.62619e-07	8.77186e-07	8.87446e-07	8.94612e-07	8.99585e-07	9.03024e-07	9.05402e-07	9.07055e-07	9.08220e-07	9.09062e-07	9.09696e-07	9.10205e-07	9.10645e-07	9.11057e-07	9.11472e-07	9.11912e-07	9.12393e-07	9.12928e-07	9.13522e-07	9.14178e-07	9.14887e-07	9.15632e-07	9.16377e-07	9.17065e-07	9.17603e-07	9.17856e-07	9.17859e-07	9.17859e-07	9.17859e-07	9.17859e-07	9.17859e-07	9.17859e-07	9.17859e-07	9.17859e-07	9.17859e-07	9.17859e-07	9.17859e-07	9.17859e-07	9.17859e-07	9.17859e-07	9.17859e-07	9.17859e-07	9.17859e-07	9.17859e-07	9.17859e-07	9.17859e-07	9.17859e-07	9.17859e-07	9.17859e-07	9.17859e-07	9.17859e-07	9.17859e-07	9.17859e-07	9.17859e-07	9.17859e-07	9.17859e-07	9.17859e-07	9.17859e-07	9.17859e-07	9.17859e-07	9.17859e-07	9.17859e-07	9.17859e-07	9.17859e-07	9.17859e-07
24.54	2.36114e-08	1.63302e-07	3.55308e-07	5.05330e-07	6.12677e-07	6.91182e-07	7.49050e-07	7.91562e-07	8.22501e-07	8.44762e-07	8.60598e-07	8.71748e-07	8.79531e-07	8.84927e-07	8.88651e-07	8.91217e-07	8.92989e-07	8.94225e-07	8.95103e-07	8.95747e-07	8.96245e-07	8.96657e-07	8.97026e-07	8.97384e-07	8.97753e-07	8.98151e-07	8.98589e-07	8.99078e-07	8.99620e-07	9.00213e-07	9.00846e-07	9.01499e-07	9.02133e-07	9.02684e-07	9.03058e-07	9.03141e-07	9.03141e-07	9.03141e-07	9.03141e-07	9.03141e-07	9.03141e-07	9.03141e-07	9.03141e-07	9.03141e-07	9.03141e-07	9.03141e-07	9.03141e-07	9.03141e-07	9.03141e-07	9.03141e-07	9.03141e-07	9.03141e-07	9.03141e-07	9.03141e-07	9.03141e-07	9.03141e-07	9.03141e-07	9.03141e-07	9.03141e-07	9.03141e-07	9.03141e-07	9.03141e-07	9.03141e-07	9.03141e-07	9.03141e-07	9.03141e-07	9.03141e-07	9.03141e-07	9.03141e-07	9.03141e-07	9.03141e-07	9.03141e-07	9.03141e-07	9.03141e-07
24.60	1.78522e-08	1.23471e-07	2.78707e-07	4.41151e-07	5.57890e-07	6.43264e-07	7.06193e-07	7.52423e-07	7.86067e-07	8.10272e-07	8.27489e-07	8.39609e-07	8.48065e-07	8.53923e-07	8.57960e-07	8.60735e-07	8.62644e-07	8.63964e-07	8.64889e-07	8.65553e-07	8.66051e-07	8.66446e-07	8.66784e-07	8.67099e-07	8.67413e-07	8.67744e-07	8.68105e-07	8.68506e-07	8.68952e-07	8.69444e-07	8.69977e-07	8.70539e-07	8.71105e-07	8.71632e-07	8.72054e-07	8.72273e-07	8.72280e-07	8.72280e-07	8.72280e-07	8.72280e-07	8.72280e-07	8.72280e-07	8.72280e-07	8.72280e-07	8.72280e-07	8.72280e-07	8.72280e-07	8.72280e-07	8.72280e-07	8.72280e-07	8.72280e-07	8.72280e-07	8.72280e-07	8.72280e-07	8.72280e-07	8.72280e-07	8.72280e-07	8.72280e-07	8.72280e-07	8.72280e-07	8.72280e-07	8.72280e-07	8.72280e-07	8.72280e-07	8.72280e-07	8.72280e-07	8.72280e-07	8.72280e-07	8.72280e-07	8.72280e-07	8.72280e-07	8.72280e-07	8.72280e-07	8.72280e-07
24.66	1.34978e-08	9.33529e-08	2.10727e-07	3.63978e-07	4.90931e-07	5.83773e-07	6.52209e-07	7.02481e-07	7.39067e-07	7.65388e-07	7.84108e-07	7.97284e-07	8.06473e-07	8.12836e-07	8.17217e-07	8.20223e-07	8.22283e-07	8.23700e-07	8.24682e-07	8.25377e-07	8.25883e-07	8.26271e-07	8.26590e-07	8.26872e-07	8.27144e-07	8.27422e-07	8.27721e-07	8.28051e-07	8.28417e-07	8.28823e-07	8.29268e-07	8.29746e-07	8.30239e-07	8.30721e-07	8.31147e-07	8.31448e-07	8.31530e-07	8.31530e-07	8.31530e-07	8.31530e-07	8.31530e-07	8.31530e-07	8.31530e-07	8.31530e-07	8.31530e-07	8.31530e-07	8.31530e-07	8.31530e-07	8.31530e-07	8.31530e-07	8.31530e-07	8.31530e-07	8.31530e-07	8.31530e-07	8.31530e-07	8.31530e-07	8.31530e-07	8.31530e-07	8.31530e-07	8.31530e-07	8.31530e-07	8.31530e-07	8.31530e-07	8.31530e-07	8.31530e-07	8.31530e-07	8.31530e-07	8.31530e-07	8.31530e-07	8.31530e-07	8.31530e-07	8.31530e-07	8.31530e-07	8.31530e-07
24.73	1.02055e-08	7.05828e-08	1.59328e-07	2.80077e-07	4.16014e-07	5.16979e-07	5.91402e-07	6.46072e-07	6.85857e-07	7.14479e-07	7.34835e-07	7.49159e-07	7.59149e-07	7.66062e-07	7.70819e-07	7.74078e-07	7.76307e-07	7.77833e-07	7.78884e-07	7.79617e-07	7.80140e-07	7.80530e-07	7.80836e-07	7.81097e-07	7.81336e-07	7.81574e-07	7.81823e-07	7.82094e-07	7.82395e-07	7.82729e-07	7.83098e-07	7.83499e-07	7.83923e-07	7.84352e-07	7.84755e-07	7.85085e-07	7.85270e-07	7.85282e-07	7.85282e-07	7.85282e-07	7.85282e-07	7.85282e-07	7.85282e-07	7.85282e-07	7.85282e-07	7.85282e-07	7.85282e-07	7.85282e-07	7.85282e-07	7.85282e-07	7.85282e-07	7.85282e-07	7.85282e-07	7.85282e-07	7.85282e-07	7.85282e-07	7.85282e-07	7.85282e-07	7.85282e-07	7.85282e-07	7.85282e-07	7.85282e-07	7.85282e-07	7.85282e-07	7.85282e-07	7.85282e-07	7.85282e-07	7.85282e-07	7.85282e-07	7.85282e-07	7.85282e-07	7.85282e-07	7.85282e-07	7.85282e-07
24.79	7.71626e-09	5.33666e-08	1.20464e-07	2.11762e-07	3.35855e-07	4.45655e-07	5.26588e-07	5.86041e-07	6.29306e-07	6.60431e-07	6.82566e-07	6.98141e-07	7.09001e-07	7.16515e-07	7.21682e-07	7.25219e-07	7.27633e-07	7.29281e-07	7.30410e-07	7.31190e-07	7.31738e-07	7.32136e-07	7.32438e-07	7.32684e-07	7.32900e-07	7.33106e-07	7.33317e-07	7.33541e-07	7.33788e-07	7.34063e-07	7.34367e-07	7.34701e-07	7.35060e-07	7.35433e-07	7.35800e-07	7.36129e-07	7.36368e-07	7.36447e-07	7.36447e-07	7.36447e-07	7.36447e-07	7.36447e-07	7.36447e-07	7.36447e-07	7.36447e-07	7.36447e-07	7.36447e-07	7.36447e-07	7.36447e-07	7.36447e-07	7.36447e-07	7.36447e-07	7.36447e-07	7.36447e-07	7.36447e-07	7.36447e-07	7.36447e-07	7.36447e-07	7.36447e-07	7.36447e-07	7.36447e-07	7.36447e-07	7.36447e-07	7.36447e-07	7.36447e-07	7.36447e-07	7.36447e-07	7.36447e-07	7.36447e-07	7.36447e-07	7.36447e-07	7.36447e-07	7.36447e-07	7.36447e-07
24.85	5.83416e-09	4.03499e-08	9.10814e-08	1.60109e-07	2.55977e-07	3.71513e-07	4.59527e-07	5.24181e-07	5.71231e-07	6.05079e-07	6.29148e-07	6.46084e-07	6.57891e-07	6.66059e-07	6.71674e-07	6.75514e-07	6.78133e-07	6.79916e-07	6.81133e-07	6.81967e-07	6.82547e-07	6.82959e-07	6.83263e-07	6.83501e-07	6.83701e-07	6.83884e-07	6.84064e-07	6.84252e-07	6.84455e-07	6.84680e-07	6.84931e-07	6.85207e-07	6.85509e-07	6.85828e-07	6.86153e-07	6.86461e-07	6.86718e-07	6.86872e-07	6.86888e-07	6.86888e-07	6.86888e-07	6.86888e-07	6.86888e-07	6.86888e-07	6.86888e-07	6.86888e-07	6.86888e-07	6.86888e-07	6.86888e-07	6.86888e-07	6.86888e-07	6.86888e-07	6.86888e-07	6.86888e-07	6.86888e-07	6.86888e-07	6.86888e-07	6.86888e-07	6.86888e-07	6.86888e-07	6.86888e-07	6.86888e-07	6.86888e-07	6.86888e-07	6.86888e-07	6.86888e-07	6.86888e-07	6.86888e-07	6.86888e-07	6.86888e-07	6.86888e-07	6.86888e-07	6.86888e-07	6.86888e-07
24.91	4.41113e-09	3.05080e-08	6.88654e-08	1.21057e-07	1.93541e-07	2.95558e-07	3.91274e-07	4.61585e-07	5.12751e-07	5.49559e-07	5.75733e-07	5.94149e-07	6.06987e-07	6.15867e-07	6.21969e-07	6.26142e-07	6.28984e-07	6.30916e-07	6.32230e-07	6.33127e-07	6.33745e-07	6.34177e-07	6.34489e-07	6.34724e-07	6.34914e-07	6.35080e-07	6.35237e-07	6.35395e-07	6.35564e-07	6.35749e-07	6.35955e-07	6.36183e-07	6.36434e-07	6.36704e-07	6.36985e-07	6.37264e-07	6.37517e-07	6.37707e-07	6.37780e-07	6.37780e-07	6.37780e-07	6.37780e-07	6.37780e-07	6.37780e-07	6.37780e-07	6.37780e-07	6.37780e-07	6.37780e-07	6.37780e-07	6.37780e-07	6.37780e-07	6.37780e-07	6.37780e-07	6.37780e-07	6.37780e-07	6.37780e-07	6.37780e-07	6.37780e-07	6.37780e-07	6.37780e-07	6.37780e-07	6.37780e-07	6.37780e-07	6.37780e-07	6.37780e-07	6.37780e-07	6.37780e-07	6.37780e-07	6.37780e-07	6.37780e-07	6.37780e-07	6.37780e-07	6.37780e-07	6.37780e-07
24.97	3.33520e-09	2.30665e-08	5.20681e-08	9.15291e-08	1.46333e-07	2.24071e-07	3.22433e-07	3.98896e-07	4.54538e-07	4.94566e-07	5.23029e-07	5.43056e-07	5.57016e-07	5.66670e-07	5.73304e-07	5.77838e-07	5.80924e-07	5.83020e-07	5.84443e-07	5.85410e-07	5.86071e-07	5.86529e-07	5.86853e-07	5.87091e-07	5.87275e-07	5.87429e-07	5.87569e-07	5.87705e-07	5.87846e-07	5.87999e-07	5.88167e-07	5.88355e-07	5.88562e-07	5.88789e-07	5.89029e-07	5.89275e-07	5.89511e-07	5.89710e-07	5.89837e-07	5.89855e-07	5.89855e-07	5.89855e-07	5.89855e-07	5.89855e-07	5.89855e-07	5.89855e-07	5.89855e-07	5.89855e-07	5.89855e-07	5.89855e-07	5.89855e-07	5.89855e-07	5.89855e-07	5.89855e-07	5.89855e-07	5.89855e-07	5.89855e-07	5.89855e-07	5.89855e-07	5.89855e-07	5.89855e-07	5.89855e-07	5.89855e-07	5.89855e-07	5.89855e-07	5.89855e-07	5.89855e-07	5.89855e-07	5.89855e-07	5.89855e-07	5.89855e-07	5.89855e-07	5.89855e-07	5.89855e-07
25.03	2.52170e-09	1.74403e-08	3.93680e-08	6.92039e-08	1.10640e-07	1.69417e-07	2.53326e-07	3.36479e-07	3.96990e-07	4.40519e-07	4.71472e-07	4.93250e-07	5.08430e-07	5.18928e-07	5.26139e-07	5.31067e-07	5.34421e-07	5.36696e-07	5.38238e-07	5.39283e-07	5.39994e-07	5.40482e-07	5.40823e-07	5.41067e-07	5.41251e-07	5.41397e-07	5.41524e-07	5.41643e-07	5.41763e-07	5.41890e-07	5.42028e-07	5.42182e-07	5.42353e-07	5.42541e-07	5.42744e-07	5.42957e-07	5.43169e-07	5.43363e-07	5.43513e-07	5.43579e-07	5.43579e-07	5.43579e-07	5.43579e-07	5.43579e-07	5.43579e-07	5.43579e-07	5.43579e-07	5.43579e-07	5.43579e-07	5.43579e-07	5.43579e-07	5.43579e-07	5.43579e-07	5.43579e-07	5.43579e-07	5.43579e-07	5.43579e-07	5.43579e-07	5.43579e-07	5.43579e-07	5.43579e-07	5.43579e-07	5.43579e-07	5.43579e-07	5.43579e-07	5.43579e-07	5.43579e-07	5.43579e-07	5.43579e-07	5.43579e-07	5.43579e-07	5.43579e-07	5.43579e-07	5.43579e-07
25.09	1.90662e-09	1.31865e-08	2.97656e-08	5.23241e-08	8.36535e-08	1.28093e-07	1.91581e-07	2.74521e-07	3.40327e-07	3.87664e-07	4.21325e-07	4.45008e-07	4.61515e-07	4.72930e-07	4.80771e-07	4.86128e-07	4.89773e-07	4.92244e-07	4.93916e-07	4.95048e-07	4.95815e-07	4.96338e-07	4.96699e-07	4.96954e-07	4.97140e-07	4.97283e-07	4.97401e-07	4.97508e-07	4.97611e-07	4.97717e-07	4.97832e-07	4.97958e-07	4.98098e-07	4.98254e-07	4.98424e-07	4.98605e-07	4.98791e-07	4.98970e-07	4.99125e-07	4.99228e-07	4.99248e-07	4.99248e-07	4.99248e-07	4.99248e-07	4.99248e-07	4.99248e-07	4.99248e-07	4.99248e-07	4.99248e-07	4.99248e-07	4.99248e-07	4.99248e-07	4.99248e-07	4.99248e-07	4.99248e-07	4.99248e-07	4.99248e-07	4.99248e-07	4.99248e-07	4.99248e-07	4.99248e-07	4.99248e-07	4.99248e-07	4.99248e-07	4.99248e-07	4.99248e-07	4.99248e-07	4.99248e-07	4.99248e-07	4.99248e-07	4.99248e-07	4.99248e-07	4.99248e-07	4.99248e-07
25.15	1.44157e-09	9.97009e-09	2.25053e-08	3.95615e-08	6.32492e-08	9.68496e-08	1.44852e-07	2.13163e-07	2.84660e-07	3.36140e-07	3.72745e-07	3.98499e-07	4.16450e-07	4.28863e-07	4.37389e-07	4.43213e-07	4.47175e-07	4.49859e-07	4.51675e-07	4.52902e-07	4.53731e-07	4.54294e-07	4.54680e-07	4.54948e-07	4.55139e-07	4.55282e-07	4.55395e-07	4.55493e-07	4.55583e-07	4.55673e-07	4.55769e-07	4.55873e-07	4.55988e-07	4.56116e-07	4.56257e-07	4.56409e-07	4.56570e-07	4.56730e-07	4.56879e-07	4.56997e-07	4.57055e-07	4.57056e-07	4.57056e-07	4.57056e-07	4.57056e-07	4.57056e-07	4.57056e-07	4.57056e-07	4.57056e-07	4.57056e-07	4.57056e-07	4.57056e-07	4.57056e-07	4.57056e-07	4.57056e-07	4.57056e-07	4.57056e-07	4.57056e-07	4.57056e-07	4.57056e-07	4.57056e-07	4.57056e-07	4.57056e-07	4.57056e-07	4.57056e-07	4.57056e-07	4.57056e-07	4.57056e-07	4.57056e-07	4.57056e-07	4.57056e-07	4.57056e-07	4.57056e-07	4.57056e-07
25.21	1.08995e-09	7.53823e-09	1.70160e-08	2.99119e-08	4.78219e-08	7.32266e-08	1.09520e-07	1.61169e-07	2.30024e-07	2.86008e-07	3.25816e-07	3.53823e-07	3.73344e-07	3.86842e-07	3.96113e-07	4.02446e-07	4.06752e-07	4.09670e-07	4.11642e-07	4.12973e-07	4.13871e-07	4.14479e-07	4.14892e-07	4.15177e-07	4.15377e-07	4.15522e-07	4.15633e-07	4.15724e-07	4.15805e-07	4.15883e-07	4.15963e-07	4.16049e-07	4.16144e-07	4.16249e-07	4.16365e-07	4.16493e-07	4.16629e-07	4.16770e-07	4.16907e-07	4.17026e-07	4.17109e-07	4.17129e-07	4.17129e-07	4.17129e-07	4.17129e-07	4.17129e-07	4.17129e-07	4.17129e-07	4.17129e-07	4.17129e-07	4.17129e-07	4.17129e-07	4.17129e-07	4.17129e-07	4.17129e-07	4.17129e-07	4.17129e-07	4.17129e-07	4.17129e-07	4.17129e-07	4.17129e-07	4.17129e-07	4.17129e-07	4.17129e-07	4.17129e-07	4.17129e-07	4.17129e-07	4.17129e-07	4.17129e-07	4.17129e-07	4.17129e-07	4.17129e-07	4.17129e-07	4.17129e-07
25.27	8.24096e-10	5.69957e-09	1.28656e-08	2.26160e-08	3.61575e-08	5.53656e-08	8.28067e-08	1.21858e-07	1.76899e-07	2.37276e-07	2.80567e-07	3.11024e-07	3.32253e-07	3.46932e-07	3.57013e-07	3.63899e-07	3.68581e-07	3.71752e-07	3.73895e-07	3.75340e-07	3.76314e-07	3.76971e-07	3.77417e-07	3.77721e-07	3.77931e-07	3.78081e-07	3.78192e-07	3.78280e-07	3.78354e-07	3.78423e-07	3.78491e-07	3.78563e-07	3.78641e-07	3.78727e-07	3.78823e-07	3.78929e-07	3.79043e-07	3.79164e-07	3.79286e-07	3.79400e-07	3.79492e-07	3.79542e-07	3.79544e-07	3.79544e-07	3.79544e-07	3.79544e-07	3.79544e-07	3.79544e-07	3.79544e-07	3.79544e-07	3.79544e-07	3.79544e-07	3.79544e-07	3.79544e-07	3.79544e-07	3.79544e-07	3.79544e-07	3.79544e-07	3.79544e-07	3.79544e-07	3.79544e-07	3.79544e-07	3.79544e-07	3.79544e-07	3.79544e-07	3.79544e-07	3.79544e-07	3.79544e-07	3.79544e-07	3.79544e-07	3.79544e-07	3.79544e-07	3.79544e-07	3.79544e-07
25.33	6.23089e-10	4.30937e-09	9.72749e-09	1.70997e-08	2.73382e-08	4.18612e-08	6.26090e-08	9.21346e-08	1.33751e-07	1.89907e-07	2.36986e-07	2.70108e-07	2.93194e-07	3.09157e-07	3.20120e-07	3.27607e-07	3.32698e-07	3.36145e-07	3.38474e-07	3.40044e-07	3.41101e-07	3.41813e-07	3.42294e-07	3.42620e-07	3.42844e-07	3.43001e-07	3.43114e-07	3.43200e-07	3.43271e-07	3.43332e-07	3.43392e-07	3.43452e-07	3.43516e-07	3.43587e-07	3.43666e-07	3.43753e-07	3.43849e-07	3.43951e-07	3.44058e-07	3.44162e-07	3.44254e-07	3.44320e-07	3.44340e-07	3.44340e-07	3.44340e-07	3.44340e-07	3.44340e-07	3.44340e-07	3.44340e-07	3.44340e-07	3.44340e-07	3.44340e-07	3.44340e-07	3.44340e-07	3.44340e-07	3.44340e-07	3.44340e-07	3.44340e-07	3.44340e-07	3.44340e-07	3.44340e-07	3.44340e-07	3.44340e-07	3.44340e-07	3.44340e-07	3.44340e-07	3.44340e-07	3.44340e-07	3.44340e-07	3.44340e-07	3.44340e-07	3.44340e-07	3.44340e-07	3.44340e-07
25.39	4.71109e-10	3.25826e-09	7.35484e-09	1.29289e-08	2.06700e-08	3.16507e-08	4.73378e-08	6.96617e-08	1.01128e-07	1.44966e-07	1.95024e-07	2.31043e-07	2.56149e-07	2.73508e-07	2.85430e-07	2.93572e-07	2.99107e-07	3.02855e-07	3.05387e-07	3.07093e-07	3.08240e-07	3.09012e-07	3.09532e-07	3.09884e-07	3.10124e-07	3.10289e-07	3.10407e-07	3.10493e-07	3.10561e-07	3.10618e-07	3.10670e-07	3.10722e-07	3.10776e-07	3.10834e-07	3.10899e-07	3.10970e-07	3.11050e-07	3.11136e-07	3.11227e-07	3.11319e-07	3.11406e-07	3.11478e-07	3.11520e-07	3.11523e-07	3.11523e-07	3.11523e-07	3.11523e-07	3.11523e-07	3.11523e-07	3.11523e-07	3.11523e-07	3.11523e-07	3.11523e-07	3.11523e-07	3.11523e-07	3.11523e-07	3.11523e-07	3.11523e-07	3.11523e-07	3.11523e-07	3.11523e-07	3.11523e-07	3.11523e-07	3.11523e-07	3.11523e-07	3.11523e-07	3.11523e-07	3.11523e-07	3.11523e-07	3.11523e-07	3.11523e-07	3.11523e-07	3.11523e-07	3.11523e-07
25.45	3.56199e-10	2.46353e-09	5.56089e-09	9.77532e-09	1.56284e-08	2.39306e-08	3.57915e-08	5.26703e-08	7.64607e-08	1.09607e-07	1.54595e-07	1.93767e-07	2.21069e-07	2.39946e-07	2.52911e-07	2.61765e-07	2.67784e-07	2.71860e-07	2.74612e-07	2.76465e-07	2.77712e-07	2.78550e-07	2.79114e-07	2.79494e-07	2.79751e-07	2.79927e-07	2.80050e-07	2.80139e-07	2.80206e-07	2.80260e-07	2.80307e-07	2.80352e-07	2.80397e-07	2.80446e-07	2.80499e-07	2.80558e-07	2.80623e-07	2.80695e-07	2.80772e-07	2.80852e-07	2.80931e-07	2.81002e-07	2.81055e-07	2.81073e-07	2.81073e-07	2.81073e-07	2.81073e-07	2.81073e-07	2.81073e-07	2.81073e-07	2.81073e-07	2.81073e-07	2.81073e-07	2.81073e-07	2.81073e-07	2.81073e-07	2.81073e-07	2.81073e-07	2.81073e-07	2.81073e-07	2.81073e-07	2.81073e-07	2.81073e-07	2.81073e-07	2.81073e-07	2.81073e-07	2.81073e-07	2.81073e-07	2.81073e-07	2.81073e-07	2.81073e-07	2.81073e-07	2.81073e-07	2.81073e-07
25.51	2.69317e-10	1.86263e-09	4.20452e-09	7.39100e-09	1.18164e-08	1.80937e-08	2.70614e-08	3.98233e-08	5.78109e-08	8.28721e-08	1.17388e-07	1.58186e-07	1.87877e-07	2.08406e-07	2.22505e-07	2.32133e-07	2.38678e-07	2.43110e-07	2.46102e-07	2.48117e-07	2.49472e-07	2.50382e-07	2.50993e-07	2.51404e-07	2.51682e-07	2.51871e-07	2.52001e-07	2.52093e-07	2.52160e-07	2.52213e-07	2.52256e-07	2.52296e-07	2.52335e-07	2.52375e-07	2.52419e-07	2.52468e-07	2.52521e-07	2.52581e-07	2.52645e-07	2.52714e-07	2.52784e-07	2.52850e-07	2.52906e-07	2.52941e-07	2.52945e-07	2.52945e-07	2.52945e-07	2.52945e-07	2.52945e-07	2.52945e-07	2.52945e-07	2.52945e-07	2.52945e-07	2.52945e-07	2.52945e-07	2.52945e-07	2.52945e-07	2.52945e-07	2.52945e-07	2.52945e-07	2.52945e-07	2.52945e-07	2.52945e-07	2.52945e-07	2.52945e-07	2.52945e-07	2.52945e-07	2.52945e-07	2.52945e-07	2.52945e-07	2.52945e-07	2.52945e-07	2.52945e-07	2.52945e-07
25.57	2.03627e-10	1.40831e-09	3.17898e-09	5.58823e-09	8.93421e-09	1.36804e-08	2.04608e-08	3.01098e-08	4.37100e-08	6.26584e-08	8.87555e-08	1.24184e-07	1.56473e-07	1.78798e-07	1.94130e-07	2.04601e-07	2.11718e-07	2.16537e-07	2.19791e-07	2.21982e-07	2.23454e-07	2.24443e-07	2.25106e-07	2.25552e-07	2.25851e-07	2.26054e-07	2.26193e-07	2.26289e-07	2.26359e-07	2.26411e-07	2.26452e-07	2.26488e-07	2.26522e-07	2.26556e-07	2.26593e-07	2.26633e-07	2.26677e-07	2.26726e-07	2.26779e-07	2.26837e-07	2.26898e-07	2.26958e-07	2.27013e-07	2.27054e-07	2.27071e-07	2.27071e-07	2.27071e-07	2.27071e-07	2.27071e-07	2.27071e-07	2.27071e-07	2.27071e-07	2.27071e-07	2.27071e-07	2.27071e-07	2.27071e-07	2.27071e-07	2.27071e-07	2.27071e-07	2.27071e-07	2.27071e-07	2.27071e-07	2.27071e-07	2.27071e-07	2.27071e-07	2.27071e-07	2.27071e-07	2.27071e-07	2.27071e-07	2.27071e-07	2.27071e-07	2.27071e-07	2.27071e-07	2.27071e-07
25.64	1.53959e-10	1.06481e-09	2.40358e-09	4.22519e-09	6.75504e-09	1.03435e-08	1.54701e-08	2.27656e-08	3.30486e-08	4.73752e-08	6.71065e-08	9.39956e-08	1.26734e-07	1.51012e-07	1.67686e-07	1.79073e-07	1.86812e-07	1.92053e-07	1.95591e-07	1.97973e-07	1.99574e-07	2.00648e-07	2.01369e-07	2.01852e-07	2.02176e-07	2.02395e-07	2.02544e-07	2.02646e-07	2.02718e-07	2.02770e-07	2.02811e-07	2.02845e-07	2.02875e-07	2.02904e-07	2.02935e-07	2.02967e-07	2.03004e-07	2.03044e-07	2.03088e-07	2.03137e-07	2.03189e-07	2.03241e-07	2.03292e-07	2.03336e-07	2.03364e-07	2.03368e-07	2.03368e-07	2.03368e-07	2.03368e-07	2.03368e-07	2.03368e-07	2.03368e-07	2.03368e-07	2.03368e-07	2.03368e-07	2.03368e-07	2.03368e-07	2.03368e-07	2.03368e-07	2.03368e-07	2.03368e-07	2.03368e-07	2.03368e-07	2.03368e-07	2.03368e-07	2.03368e-07	2.03368e-07	2.03368e-07	2.03368e-07	2.03368e-07	2.03368e-07	2.03368e-07	2.03368e-07	2.03368e-07
25.70	1.16407e-10	8.05085e-10	1.81731e-09	3.19461e-09	5.10739e-09	7.82061e-09	1.16968e-08	1.72128e-08	2.49876e-08	3.58197e-08	5.07383e-08	7.10688e-08	9.85209e-08	1.24924e-07	1.43056e-07	1.55439e-07	1.63856e-07	1.69555e-07	1.73402e-07	1.75992e-07	1.77732e-07	1.78900e-07	1.79683e-07	1.80207e-07	1.80559e-07	1.80796e-07	1.80955e-07	1.81064e-07	1.81140e-07	1.81194e-07	1.81234e-07	1.81267e-07	1.81294e-07	1.81320e-07	1.81346e-07	1.81373e-07	1.81403e-07	1.81436e-07	1.81472e-07	1.81513e-07	1.81556e-07	1.81602e-07	1.81648e-07	1.81690e-07	1.81722e-07	1.81738e-07	1.81738e-07	1.81738e-07	1.81738e-07	1.81738e-07	1.81738e-07	1.81738e-07	1.81738e-07	1.81738e-07	1.81738e-07	1.81738e-07	1.81738e-07	1.81738e-07	1.81738e-07	1.81738e-07	1.81738e-07	1.81738e-07	1.81738e-07	1.81738e-07	1.81738e-07	1.81738e-07	1.81738e-07	1.81738e-07	1.81738e-07	1.81738e-07	1.81738e-07	1.81738e-07	1.81738e-07	1.81738e-07
25.76	8.80136e-11	6.08714e-10	1.37405e-09	2.41540e-09	3.86163e-09	5.91307e-09	8.84376e-09	1.30144e-08	1.88927e-08	2.70828e-08	3.83625e-08	5.37339e-08	7.44880e-08	1.00392e-07	1.20111e-07	1.33577e-07	1.42730e-07	1.48928e-07	1.53111e-07	1.55927e-07	1.57820e-07	1.59089e-07	1.59940e-07	1.60509e-07	1.60891e-07	1.61147e-07	1.61320e-07	1.61437e-07	1.61517e-07	1.61573e-07	1.61614e-07	1.61646e-07	1.61671e-07	1.61694e-07	1.61717e-07	1.61740e-07	1.61764e-07	1.61791e-07	1.61821e-07	1.61855e-07	1.61891e-07	1.61930e-07	1.61970e-07	1.62009e-07	1.62042e-07	1.62065e-07	1.62070e-07	1.62070e-07	1.62070e-07	1.62070e-07	1.62070e-07	1.62070e-07	1.62070e-07	1.62070e-07	1.62070e-07	1.62070e-07	1.62070e-07	1.62070e-07	1.62070e-07	1.62070e-07	1.62070e-07	1.62070e-07	1.62070e-07	1.62070e-07	1.62070e-07	1.62070e-07	1.62070e-07	1.62070e-07	1.62070e-07	1.62070e-07	1.62070e-07	1.62070e-07	1.62070e-07	1.62070e-07
25.82	6.65459e-11	4.60240e-10	1.03890e-09	1.82625e-09	2.91973e-09	4.47079e-09	6.68665e-09	9.83999e-09	1.42845e-08	2.04769e-08	2.90054e-08	4.06275e-08	5.63194e-08	7.73380e-08	9.87110e-08	1.13355e-07	1.23309e-07	1.30049e-07	1.34598e-07	1.37661e-07	1.39718e-07	1.41098e-07	1.42023e-07	1.42642e-07	1.43056e-07	1.43334e-07	1.43520e-07	1.43646e-07	1.43732e-07	1.43791e-07	1.43834e-07	1.43865e-07	1.43890e-07	1.43911e-07	1.43930e-07	1.43950e-07	1.43970e-07	1.43993e-07	1.44017e-07	1.44045e-07	1.44075e-07	1.44108e-07	1.44142e-07	1.44177e-07	1.44209e-07	1.44235e-07	1.44248e-07	1.44248e-07	1.44248e-07	1.44248e-07	1.44248e-07	1.44248e-07	1.44248e-07	1.44248e-07	1.44248e-07	1.44248e-07	1.44248e-07	1.44248e-07	1.44248e-07	1.44248e-07	1.44248e-07	1.44248e-07	1.44248e-07	1.44248e-07	1.44248e-07	1.44248e-07	1.44248e-07	1.44248e-07	1.44248e-07	1.44248e-07	1.44248e-07	1.44248e-07	1.44248e-07	1.44248e-07
25.88	5.03141e-11	3.47981e-10	7.85496e-10	1.38080e-09	2.20756e-09	3.38030e-09	5.05569e-09	7.43988e-09	1.08004e-08	1.54823e-08	2.19306e-08	3.07179e-08	4.25821e-08	5.84742e-08	7.87107e-08	9.46363e-08	1.05461e-07	1.12791e-07	1.17737e-07	1.21068e-07	1.23305e-07	1.24806e-07	1.25811e-07	1.26484e-07	1.26934e-07	1.27235e-07	1.27437e-07	1.27573e-07	1.27665e-07	1.27728e-07	1.27772e-07	1.27804e-07	1.27828e-07	1.27848e-07	1.27866e-07	1.27882e-07	1.27900e-07	1.27918e-07	1.27938e-07	1.27961e-07	1.27986e-07	1.28013e-07	1.28042e-07	1.28073e-07	1.28102e-07	1.28128e-07	1.28146e-07	1.28151e-07	1.28151e-07	1.28151e-07	1.28151e-07	1.28151e-07	1.28151e-07	1.28151e-07	1.28151e-07	1.28151e-07	1.28151e-07	1.28151e-07	1.28151e-07	1.28151e-07	1.28151e-07	1.28151e-07	1.28151e-07	1.28151e-07	1.28151e-07	1.28151e-07	1.28151e-07	1.28151e-07	1.28151e-07	1.28151e-07	1.28151e-07	1.28151e-07	1.28151e-07	1.28151e-07
25.94	3.80421e-11	2.63104e-10	5.93903e-10	1.04401e-09	1.66911e-09	2.55580e-09	3.82254e-09	5.62520e-09	8.16602e-09	1.17060e-08	1.65814e-08	2.32254e-08	3.21957e-08	4.42116e-08	6.01989e-08	7.72789e-08	8.90508e-08	9.70214e-08	1.02401e-07	1.06023e-07	1.08456e-07	1.10087e-07	1.11180e-07	1.11911e-07	1.12400e-07	1.12728e-07	1.12947e-07	1.13094e-07	1.13193e-07	1.13260e-07	1.13307e-07	1.13339e-07	1.13364e-07	1.13383e-07	1.13399e-07	1.13414e-07	1.13429e-07	1.13444e-07	1.13461e-07	1.13479e-07	1.13500e-07	1.13522e-07	1.13547e-07	1.13573e-07	1.13599e-07	1.13624e-07	1.13644e-07	1.13655e-07	1.13656e-07	1.13656e-07	1.13656e-07	1.13656e-07	1.13656e-07	1.13656e-07	1.13656e-07	1.13656e-07	1.13656e-07	1.13656e-07	1.13656e-07	1.13656e-07	1.13656e-07	1.13656e-07	1.13656e-07	1.13656e-07	1.13656e-07	1.13656e-07	1.13656e-07	1.13656e-07	1.13656e-07	1.13656e-07	1.13656e-07	1.13656e-07	1.13656e-07	1.13656e-07
26.00	2.87631e-11	1.98930e-10	4.49042e-10	7.89358e-10	1.26199e-09	1.93241e-09	2.89017e-09	4.25314e-09	6.17421e-09	8.85075e-09	1.25370e-08	1.75604e-08	2.43428e-08	3.34276e-08	4.55156e-08	6.11407e-08	7.39426e-08	8.26106e-08	8.84609e-08	9.23992e-08	9.50449e-08	9.68191e-08	9.80073e-08	9.88023e-08	9.93339e-08	9.96893e-08	9.99269e-08	1.00086e-07	1.00193e-07	1.00266e-07	1.00315e-07	1.00350e-07	1.00374e-07	1.00393e-07	1.00408e-07	1.00422e-07	1.00435e-07	1.00448e-07	1.00461e-07	1.00477e-07	1.00493e-07	1.00512e-07	1.00533e-07	1.00555e-07	1.00577e-07	1.00600e-07	1.00620e-07	1.00634e-07	1.00639e-07	1.00639e-07	1.00639e-07	1.00639e-07	1.00639e-07	1.00639e-07	1.00639e-07	1.00639e-07	1.00639e-07	1.00639e-07	1.00639e-07	1.00639e-07	1.00639e-07	1.00639e-07	1.00639e-07	1.00639e-07	1.00639e-07	1.00639e-07	1.00639e-07	1.00639e-07	1.00639e-07	1.00639e-07	1.00639e-07	1.00639e-07	1.00639e-07	1.00639e-07
