# EMChargedPionPairProduction cumulative differential rate
# photon field: Universal Radio Background from Protheroe & Bierman Astroparticle Physics 6 (1996) 45.
# Produced with crpropa-data version: fc42dfff4c986259559611aeb7ae6043dc0b7378
# log10(E/eV), d(1/lambda)/ds_kin [1/Mpc/eV^2] for log10(s_kin/eV^2) as given in first row
0.00	1.69316e+01	1.70421e+01	1.71526e+01	1.72632e+01	1.73737e+01	1.74842e+01	1.75947e+01	1.77053e+01	1.78158e+01	1.79263e+01	1.80368e+01	1.81474e+01	1.82579e+01	1.83684e+01	1.84789e+01	1.85895e+01	1.87000e+01	1.88105e+01	1.89211e+01	1.90316e+01	1.91421e+01	1.92526e+01	1.93632e+01	1.94737e+01	1.95842e+01	1.96947e+01	1.98053e+01	1.99158e+01	2.00263e+01	2.01368e+01	2.02474e+01	2.03579e+01	2.04684e+01	2.05789e+01	2.06895e+01	2.08000e+01	2.09105e+01	2.10211e+01	2.11316e+01	2.12421e+01	2.13526e+01	2.14632e+01	2.15737e+01	2.16842e+01	2.17947e+01	2.19053e+01	2.20158e+01	2.21263e+01	2.22368e+01	2.23474e+01	2.24579e+01	2.25684e+01	2.26789e+01	2.27895e+01	2.29000e+01	2.30105e+01	2.31211e+01	2.32316e+01	2.33421e+01	2.34526e+01	2.35632e+01	2.36737e+01	2.37842e+01	2.38947e+01	2.40053e+01	2.41158e+01	2.42263e+01	2.43368e+01	2.44474e+01	2.45579e+01	2.46684e+01	2.47789e+01	2.48895e+01	2.50000e+01
21.99	1.56359e-14	1.56359e-14	1.56359e-14	1.56359e-14	1.56359e-14	1.56359e-14	1.56359e-14	1.56359e-14	1.56359e-14	1.56359e-14	1.56359e-14	1.56359e-14	1.56359e-14	1.56359e-14	1.56359e-14	1.56359e-14	1.56359e-14	1.56359e-14	1.56359e-14	1.56359e-14	1.56359e-14	1.56359e-14	1.56359e-14	1.56359e-14	1.56359e-14	1.56359e-14	1.56359e-14	1.56359e-14	1.56359e-14	1.56359e-14	1.56360e-14	1.56360e-14	1.56360e-14	1.56360e-14	1.56360e-14	1.56361e-14	1.56361e-14	1.56362e-14	1.56363e-14	1.56364e-14	1.56366e-14	1.56368e-14	1.56370e-14	1.56374e-14	1.56378e-14	1.56384e-14	1.56391e-14	1.56400e-14	1.56412e-14	1.56427e-14	1.56447e-14	1.56473e-14	1.56505e-14	1.56548e-14	1.56603e-14	1.56673e-14	1.56764e-14	1.56882e-14	1.57033e-14	1.57229e-14	1.57481e-14	1.57806e-14	1.58225e-14	1.58766e-14	1.59463e-14	1.60363e-14	1.61523e-14	1.63020e-14	1.64950e-14	1.67440e-14	1.70651e-14	1.74793e-14	1.80136e-14	1.87027e-14
22.05	9.59914e-12	1.21579e-11	1.21579e-11	1.21579e-11	1.21579e-11	1.21579e-11	1.21579e-11	1.21579e-11	1.21579e-11	1.21579e-11	1.21579e-11	1.21579e-11	1.21579e-11	1.21579e-11	1.21579e-11	1.21579e-11	1.21579e-11	1.21579e-11	1.21579e-11	1.21579e-11	1.21579e-11	1.21579e-11	1.21579e-11	1.21579e-11	1.21579e-11	1.21579e-11	1.21579e-11	1.21579e-11	1.21579e-11	1.21579e-11	1.21579e-11	1.21579e-11	1.21579e-11	1.21579e-11	1.21579e-11	1.21579e-11	1.21579e-11	1.21579e-11	1.21579e-11	1.21579e-11	1.21579e-11	1.21579e-11	1.21579e-11	1.21579e-11	1.21579e-11	1.21579e-11	1.21579e-11	1.21579e-11	1.21579e-11	1.21579e-11	1.21579e-11	1.21579e-11	1.21579e-11	1.21579e-11	1.21579e-11	1.21579e-11	1.21579e-11	1.21580e-11	1.21580e-11	1.21580e-11	1.21580e-11	1.21580e-11	1.21581e-11	1.21581e-11	1.21582e-11	1.21582e-11	1.21583e-11	1.21584e-11	1.21586e-11	1.21588e-11	1.21590e-11	1.21593e-11	1.21597e-11	1.21602e-11
22.11	2.46368e-11	5.66658e-11	5.66658e-11	5.66658e-11	5.66658e-11	5.66658e-11	5.66658e-11	5.66658e-11	5.66658e-11	5.66658e-11	5.66658e-11	5.66658e-11	5.66658e-11	5.66658e-11	5.66658e-11	5.66658e-11	5.66658e-11	5.66658e-11	5.66658e-11	5.66658e-11	5.66658e-11	5.66658e-11	5.66658e-11	5.66658e-11	5.66658e-11	5.66658e-11	5.66658e-11	5.66658e-11	5.66658e-11	5.66658e-11	5.66658e-11	5.66658e-11	5.66658e-11	5.66658e-11	5.66658e-11	5.66658e-11	5.66658e-11	5.66658e-11	5.66658e-11	5.66658e-11	5.66658e-11	5.66658e-11	5.66658e-11	5.66658e-11	5.66658e-11	5.66658e-11	5.66658e-11	5.66658e-11	5.66658e-11	5.66658e-11	5.66658e-11	5.66658e-11	5.66658e-11	5.66658e-11	5.66658e-11	5.66658e-11	5.66658e-11	5.66659e-11	5.66659e-11	5.66659e-11	5.66659e-11	5.66659e-11	5.66659e-11	5.66660e-11	5.66660e-11	5.66661e-11	5.66661e-11	5.66662e-11	5.66663e-11	5.66665e-11	5.66666e-11	5.66669e-11	5.66672e-11	5.66676e-11
22.18	4.20782e-11	1.33996e-10	1.39393e-10	1.39393e-10	1.39393e-10	1.39393e-10	1.39393e-10	1.39393e-10	1.39393e-10	1.39393e-10	1.39393e-10	1.39393e-10	1.39393e-10	1.39393e-10	1.39393e-10	1.39393e-10	1.39393e-10	1.39393e-10	1.39393e-10	1.39393e-10	1.39393e-10	1.39393e-10	1.39393e-10	1.39393e-10	1.39393e-10	1.39393e-10	1.39393e-10	1.39393e-10	1.39393e-10	1.39393e-10	1.39393e-10	1.39393e-10	1.39393e-10	1.39393e-10	1.39393e-10	1.39393e-10	1.39393e-10	1.39393e-10	1.39393e-10	1.39393e-10	1.39393e-10	1.39393e-10	1.39393e-10	1.39393e-10	1.39393e-10	1.39393e-10	1.39393e-10	1.39393e-10	1.39393e-10	1.39393e-10	1.39393e-10	1.39393e-10	1.39393e-10	1.39393e-10	1.39393e-10	1.39393e-10	1.39393e-10	1.39393e-10	1.39393e-10	1.39393e-10	1.39393e-10	1.39393e-10	1.39393e-10	1.39393e-10	1.39393e-10	1.39393e-10	1.39393e-10	1.39393e-10	1.39393e-10	1.39393e-10	1.39393e-10	1.39393e-10	1.39394e-10	1.39394e-10
22.24	6.33647e-11	2.26893e-10	2.65462e-10	2.65462e-10	2.65462e-10	2.65462e-10	2.65462e-10	2.65462e-10	2.65462e-10	2.65462e-10	2.65462e-10	2.65462e-10	2.65462e-10	2.65462e-10	2.65462e-10	2.65462e-10	2.65462e-10	2.65462e-10	2.65462e-10	2.65462e-10	2.65462e-10	2.65462e-10	2.65462e-10	2.65462e-10	2.65462e-10	2.65462e-10	2.65462e-10	2.65462e-10	2.65462e-10	2.65462e-10	2.65462e-10	2.65462e-10	2.65462e-10	2.65462e-10	2.65462e-10	2.65462e-10	2.65462e-10	2.65462e-10	2.65462e-10	2.65462e-10	2.65462e-10	2.65462e-10	2.65462e-10	2.65462e-10	2.65462e-10	2.65462e-10	2.65462e-10	2.65462e-10	2.65462e-10	2.65462e-10	2.65462e-10	2.65462e-10	2.65462e-10	2.65462e-10	2.65462e-10	2.65462e-10	2.65462e-10	2.65462e-10	2.65462e-10	2.65462e-10	2.65462e-10	2.65462e-10	2.65462e-10	2.65462e-10	2.65462e-10	2.65462e-10	2.65462e-10	2.65462e-10	2.65462e-10	2.65462e-10	2.65463e-10	2.65463e-10	2.65463e-10	2.65463e-10
22.30	9.02316e-11	3.40427e-10	4.35464e-10	4.42941e-10	4.42941e-10	4.42941e-10	4.42941e-10	4.42941e-10	4.42941e-10	4.42941e-10	4.42941e-10	4.42941e-10	4.42941e-10	4.42941e-10	4.42941e-10	4.42941e-10	4.42941e-10	4.42941e-10	4.42941e-10	4.42941e-10	4.42941e-10	4.42941e-10	4.42941e-10	4.42941e-10	4.42941e-10	4.42941e-10	4.42941e-10	4.42941e-10	4.42941e-10	4.42941e-10	4.42941e-10	4.42941e-10	4.42941e-10	4.42941e-10	4.42941e-10	4.42941e-10	4.42941e-10	4.42941e-10	4.42941e-10	4.42941e-10	4.42941e-10	4.42941e-10	4.42941e-10	4.42941e-10	4.42941e-10	4.42941e-10	4.42941e-10	4.42941e-10	4.42941e-10	4.42941e-10	4.42941e-10	4.42941e-10	4.42941e-10	4.42941e-10	4.42941e-10	4.42941e-10	4.42941e-10	4.42941e-10	4.42941e-10	4.42941e-10	4.42941e-10	4.42941e-10	4.42941e-10	4.42941e-10	4.42941e-10	4.42941e-10	4.42941e-10	4.42941e-10	4.42941e-10	4.42941e-10	4.42942e-10	4.42942e-10	4.42942e-10	4.42942e-10
22.36	1.24821e-10	4.83816e-10	6.45211e-10	6.84224e-10	6.84224e-10	6.84224e-10	6.84224e-10	6.84224e-10	6.84224e-10	6.84224e-10	6.84224e-10	6.84224e-10	6.84224e-10	6.84224e-10	6.84224e-10	6.84224e-10	6.84224e-10	6.84224e-10	6.84224e-10	6.84224e-10	6.84224e-10	6.84224e-10	6.84224e-10	6.84224e-10	6.84224e-10	6.84224e-10	6.84224e-10	6.84224e-10	6.84224e-10	6.84224e-10	6.84224e-10	6.84224e-10	6.84224e-10	6.84224e-10	6.84224e-10	6.84224e-10	6.84224e-10	6.84224e-10	6.84224e-10	6.84224e-10	6.84224e-10	6.84224e-10	6.84224e-10	6.84224e-10	6.84224e-10	6.84224e-10	6.84224e-10	6.84224e-10	6.84224e-10	6.84224e-10	6.84224e-10	6.84224e-10	6.84224e-10	6.84224e-10	6.84224e-10	6.84224e-10	6.84224e-10	6.84224e-10	6.84224e-10	6.84224e-10	6.84224e-10	6.84224e-10	6.84224e-10	6.84224e-10	6.84224e-10	6.84224e-10	6.84224e-10	6.84224e-10	6.84224e-10	6.84224e-10	6.84224e-10	6.84224e-10	6.84224e-10	6.84224e-10
22.42	1.73549e-10	6.72173e-10	9.14633e-10	1.00140e-09	1.01076e-09	1.01076e-09	1.01076e-09	1.01076e-09	1.01076e-09	1.01076e-09	1.01076e-09	1.01076e-09	1.01076e-09	1.01076e-09	1.01076e-09	1.01076e-09	1.01076e-09	1.01076e-09	1.01076e-09	1.01076e-09	1.01076e-09	1.01076e-09	1.01076e-09	1.01076e-09	1.01076e-09	1.01076e-09	1.01076e-09	1.01076e-09	1.01076e-09	1.01076e-09	1.01076e-09	1.01076e-09	1.01076e-09	1.01076e-09	1.01076e-09	1.01076e-09	1.01076e-09	1.01076e-09	1.01076e-09	1.01076e-09	1.01076e-09	1.01076e-09	1.01076e-09	1.01076e-09	1.01076e-09	1.01076e-09	1.01076e-09	1.01076e-09	1.01076e-09	1.01076e-09	1.01076e-09	1.01076e-09	1.01076e-09	1.01076e-09	1.01076e-09	1.01076e-09	1.01076e-09	1.01076e-09	1.01076e-09	1.01076e-09	1.01076e-09	1.01076e-09	1.01076e-09	1.01076e-09	1.01076e-09	1.01076e-09	1.01076e-09	1.01076e-09	1.01076e-09	1.01076e-09	1.01076e-09	1.01076e-09	1.01076e-09	1.01076e-09
22.48	2.41621e-10	9.37894e-10	1.28272e-09	1.42555e-09	1.46470e-09	1.46486e-09	1.46486e-09	1.46486e-09	1.46486e-09	1.46486e-09	1.46486e-09	1.46486e-09	1.46486e-09	1.46486e-09	1.46486e-09	1.46486e-09	1.46486e-09	1.46486e-09	1.46486e-09	1.46486e-09	1.46486e-09	1.46486e-09	1.46486e-09	1.46486e-09	1.46486e-09	1.46486e-09	1.46486e-09	1.46486e-09	1.46486e-09	1.46486e-09	1.46486e-09	1.46486e-09	1.46486e-09	1.46486e-09	1.46486e-09	1.46486e-09	1.46486e-09	1.46486e-09	1.46486e-09	1.46486e-09	1.46486e-09	1.46486e-09	1.46486e-09	1.46486e-09	1.46486e-09	1.46486e-09	1.46486e-09	1.46486e-09	1.46486e-09	1.46486e-09	1.46486e-09	1.46486e-09	1.46486e-09	1.46486e-09	1.46486e-09	1.46486e-09	1.46486e-09	1.46486e-09	1.46486e-09	1.46486e-09	1.46486e-09	1.46486e-09	1.46486e-09	1.46486e-09	1.46486e-09	1.46486e-09	1.46486e-09	1.46486e-09	1.46486e-09	1.46486e-09	1.46486e-09	1.46486e-09	1.46486e-09	1.46486e-09
22.54	3.02347e-10	1.26132e-09	1.73804e-09	1.94985e-09	2.02981e-09	2.04102e-09	2.04102e-09	2.04102e-09	2.04102e-09	2.04102e-09	2.04102e-09	2.04102e-09	2.04102e-09	2.04102e-09	2.04102e-09	2.04102e-09	2.04102e-09	2.04102e-09	2.04102e-09	2.04102e-09	2.04102e-09	2.04102e-09	2.04102e-09	2.04102e-09	2.04102e-09	2.04102e-09	2.04102e-09	2.04102e-09	2.04102e-09	2.04102e-09	2.04102e-09	2.04102e-09	2.04102e-09	2.04102e-09	2.04102e-09	2.04102e-09	2.04102e-09	2.04102e-09	2.04102e-09	2.04102e-09	2.04102e-09	2.04102e-09	2.04102e-09	2.04102e-09	2.04102e-09	2.04102e-09	2.04102e-09	2.04102e-09	2.04102e-09	2.04102e-09	2.04102e-09	2.04102e-09	2.04102e-09	2.04102e-09	2.04102e-09	2.04102e-09	2.04102e-09	2.04102e-09	2.04102e-09	2.04102e-09	2.04102e-09	2.04102e-09	2.04102e-09	2.04102e-09	2.04102e-09	2.04102e-09	2.04102e-09	2.04102e-09	2.04102e-09	2.04102e-09	2.04102e-09	2.04102e-09	2.04102e-09	2.04102e-09
22.60	3.58271e-10	1.57904e-09	2.24817e-09	2.54747e-09	2.67577e-09	2.71497e-09	2.71570e-09	2.71570e-09	2.71570e-09	2.71570e-09	2.71570e-09	2.71570e-09	2.71570e-09	2.71570e-09	2.71570e-09	2.71570e-09	2.71570e-09	2.71570e-09	2.71570e-09	2.71570e-09	2.71570e-09	2.71570e-09	2.71570e-09	2.71570e-09	2.71570e-09	2.71570e-09	2.71570e-09	2.71570e-09	2.71570e-09	2.71570e-09	2.71570e-09	2.71570e-09	2.71570e-09	2.71570e-09	2.71570e-09	2.71570e-09	2.71570e-09	2.71570e-09	2.71570e-09	2.71570e-09	2.71570e-09	2.71570e-09	2.71570e-09	2.71570e-09	2.71570e-09	2.71570e-09	2.71570e-09	2.71570e-09	2.71570e-09	2.71570e-09	2.71570e-09	2.71570e-09	2.71570e-09	2.71570e-09	2.71570e-09	2.71570e-09	2.71570e-09	2.71570e-09	2.71570e-09	2.71570e-09	2.71570e-09	2.71570e-09	2.71570e-09	2.71570e-09	2.71570e-09	2.71570e-09	2.71570e-09	2.71570e-09	2.71570e-09	2.71570e-09	2.71570e-09	2.71570e-09	2.71570e-09	2.71570e-09
22.66	4.11711e-10	1.87169e-09	2.78034e-09	3.19383e-09	3.38200e-09	3.45687e-09	3.46979e-09	3.46979e-09	3.46979e-09	3.46979e-09	3.46979e-09	3.46979e-09	3.46979e-09	3.46979e-09	3.46979e-09	3.46979e-09	3.46979e-09	3.46979e-09	3.46979e-09	3.46979e-09	3.46979e-09	3.46979e-09	3.46979e-09	3.46979e-09	3.46979e-09	3.46979e-09	3.46979e-09	3.46979e-09	3.46979e-09	3.46979e-09	3.46979e-09	3.46979e-09	3.46979e-09	3.46979e-09	3.46979e-09	3.46979e-09	3.46979e-09	3.46979e-09	3.46979e-09	3.46979e-09	3.46979e-09	3.46979e-09	3.46979e-09	3.46979e-09	3.46979e-09	3.46979e-09	3.46979e-09	3.46979e-09	3.46979e-09	3.46979e-09	3.46979e-09	3.46979e-09	3.46979e-09	3.46979e-09	3.46979e-09	3.46979e-09	3.46979e-09	3.46979e-09	3.46979e-09	3.46979e-09	3.46979e-09	3.46979e-09	3.46979e-09	3.46979e-09	3.46979e-09	3.46979e-09	3.46979e-09	3.46979e-09	3.46979e-09	3.46979e-09	3.46979e-09	3.46979e-09	3.46979e-09	3.46979e-09
22.72	4.64547e-10	2.15135e-09	3.28843e-09	3.86899e-09	4.13338e-09	4.25093e-09	4.28976e-09	4.29131e-09	4.29131e-09	4.29131e-09	4.29131e-09	4.29131e-09	4.29131e-09	4.29131e-09	4.29131e-09	4.29131e-09	4.29131e-09	4.29131e-09	4.29131e-09	4.29131e-09	4.29131e-09	4.29131e-09	4.29131e-09	4.29131e-09	4.29131e-09	4.29131e-09	4.29131e-09	4.29131e-09	4.29131e-09	4.29131e-09	4.29131e-09	4.29131e-09	4.29131e-09	4.29131e-09	4.29131e-09	4.29131e-09	4.29131e-09	4.29131e-09	4.29131e-09	4.29131e-09	4.29131e-09	4.29131e-09	4.29131e-09	4.29131e-09	4.29131e-09	4.29131e-09	4.29131e-09	4.29131e-09	4.29131e-09	4.29131e-09	4.29131e-09	4.29131e-09	4.29131e-09	4.29131e-09	4.29131e-09	4.29131e-09	4.29131e-09	4.29131e-09	4.29131e-09	4.29131e-09	4.29131e-09	4.29131e-09	4.29131e-09	4.29131e-09	4.29131e-09	4.29131e-09	4.29131e-09	4.29131e-09	4.29132e-09	4.29132e-09	4.29132e-09	4.29132e-09	4.29132e-09	4.29132e-09
22.78	5.18350e-10	2.42788e-09	3.77538e-09	4.55333e-09	4.91929e-09	5.09000e-09	5.16035e-09	5.17466e-09	5.17466e-09	5.17466e-09	5.17466e-09	5.17466e-09	5.17466e-09	5.17466e-09	5.17466e-09	5.17466e-09	5.17466e-09	5.17466e-09	5.17466e-09	5.17466e-09	5.17466e-09	5.17466e-09	5.17466e-09	5.17466e-09	5.17466e-09	5.17466e-09	5.17466e-09	5.17466e-09	5.17466e-09	5.17466e-09	5.17466e-09	5.17466e-09	5.17466e-09	5.17466e-09	5.17466e-09	5.17466e-09	5.17466e-09	5.17466e-09	5.17466e-09	5.17466e-09	5.17466e-09	5.17466e-09	5.17466e-09	5.17466e-09	5.17466e-09	5.17466e-09	5.17466e-09	5.17466e-09	5.17466e-09	5.17466e-09	5.17466e-09	5.17466e-09	5.17466e-09	5.17466e-09	5.17466e-09	5.17466e-09	5.17466e-09	5.17466e-09	5.17466e-09	5.17466e-09	5.17466e-09	5.17466e-09	5.17466e-09	5.17466e-09	5.17466e-09	5.17466e-09	5.17466e-09	5.17466e-09	5.17466e-09	5.17466e-09	5.17466e-09	5.17466e-09	5.17466e-09	5.17466e-09
22.84	5.74455e-10	2.70948e-09	4.25807e-09	5.21959e-09	5.73179e-09	5.97042e-09	6.07879e-09	6.11658e-09	6.11905e-09	6.11905e-09	6.11905e-09	6.11905e-09	6.11905e-09	6.11905e-09	6.11905e-09	6.11905e-09	6.11905e-09	6.11905e-09	6.11905e-09	6.11905e-09	6.11905e-09	6.11905e-09	6.11905e-09	6.11905e-09	6.11905e-09	6.11905e-09	6.11905e-09	6.11905e-09	6.11905e-09	6.11905e-09	6.11905e-09	6.11905e-09	6.11905e-09	6.11905e-09	6.11905e-09	6.11905e-09	6.11905e-09	6.11905e-09	6.11905e-09	6.11905e-09	6.11905e-09	6.11905e-09	6.11905e-09	6.11905e-09	6.11905e-09	6.11905e-09	6.11905e-09	6.11905e-09	6.11905e-09	6.11905e-09	6.11905e-09	6.11905e-09	6.11905e-09	6.11905e-09	6.11905e-09	6.11905e-09	6.11905e-09	6.11905e-09	6.11905e-09	6.11905e-09	6.11905e-09	6.11905e-09	6.11905e-09	6.11905e-09	6.11905e-09	6.11905e-09	6.11905e-09	6.11905e-09	6.11905e-09	6.11905e-09	6.11905e-09	6.11905e-09	6.11905e-09	6.11905e-09
22.90	6.34052e-10	3.00315e-09	4.75060e-09	5.88234e-09	6.55902e-09	6.89045e-09	7.04645e-09	7.11204e-09	7.12731e-09	7.12731e-09	7.12731e-09	7.12731e-09	7.12731e-09	7.12731e-09	7.12731e-09	7.12731e-09	7.12731e-09	7.12731e-09	7.12731e-09	7.12731e-09	7.12731e-09	7.12731e-09	7.12731e-09	7.12731e-09	7.12731e-09	7.12731e-09	7.12731e-09	7.12731e-09	7.12731e-09	7.12731e-09	7.12731e-09	7.12731e-09	7.12731e-09	7.12731e-09	7.12731e-09	7.12731e-09	7.12731e-09	7.12731e-09	7.12731e-09	7.12731e-09	7.12731e-09	7.12731e-09	7.12731e-09	7.12731e-09	7.12731e-09	7.12731e-09	7.12731e-09	7.12731e-09	7.12731e-09	7.12731e-09	7.12731e-09	7.12731e-09	7.12731e-09	7.12731e-09	7.12731e-09	7.12731e-09	7.12731e-09	7.12731e-09	7.12731e-09	7.12731e-09	7.12731e-09	7.12731e-09	7.12731e-09	7.12731e-09	7.12731e-09	7.12731e-09	7.12731e-09	7.12731e-09	7.12731e-09	7.12731e-09	7.12731e-09	7.12731e-09	7.12731e-09	7.12731e-09
22.96	6.98225e-10	3.31510e-09	5.26506e-09	6.56053e-09	7.38785e-09	7.84910e-09	8.06616e-09	8.16556e-09	8.20157e-09	8.20491e-09	8.20491e-09	8.20491e-09	8.20491e-09	8.20491e-09	8.20491e-09	8.20491e-09	8.20491e-09	8.20491e-09	8.20491e-09	8.20491e-09	8.20491e-09	8.20491e-09	8.20491e-09	8.20491e-09	8.20491e-09	8.20491e-09	8.20491e-09	8.20491e-09	8.20491e-09	8.20491e-09	8.20491e-09	8.20491e-09	8.20491e-09	8.20491e-09	8.20491e-09	8.20491e-09	8.20491e-09	8.20491e-09	8.20491e-09	8.20491e-09	8.20491e-09	8.20491e-09	8.20491e-09	8.20491e-09	8.20491e-09	8.20491e-09	8.20491e-09	8.20491e-09	8.20491e-09	8.20491e-09	8.20491e-09	8.20491e-09	8.20491e-09	8.20491e-09	8.20491e-09	8.20491e-09	8.20491e-09	8.20491e-09	8.20491e-09	8.20491e-09	8.20491e-09	8.20491e-09	8.20491e-09	8.20491e-09	8.20491e-09	8.20491e-09	8.20491e-09	8.20491e-09	8.20491e-09	8.20491e-09	8.20491e-09	8.20491e-09	8.20491e-09	8.20491e-09
23.02	7.68010e-10	3.65101e-09	5.81217e-09	7.27046e-09	8.23839e-09	8.83862e-09	9.14134e-09	9.28331e-09	9.34366e-09	9.35938e-09	9.35939e-09	9.35939e-09	9.35939e-09	9.35939e-09	9.35939e-09	9.35939e-09	9.35939e-09	9.35939e-09	9.35939e-09	9.35939e-09	9.35939e-09	9.35939e-09	9.35939e-09	9.35939e-09	9.35939e-09	9.35939e-09	9.35939e-09	9.35939e-09	9.35939e-09	9.35939e-09	9.35939e-09	9.35939e-09	9.35939e-09	9.35939e-09	9.35939e-09	9.35939e-09	9.35939e-09	9.35939e-09	9.35939e-09	9.35939e-09	9.35939e-09	9.35939e-09	9.35939e-09	9.35939e-09	9.35939e-09	9.35939e-09	9.35939e-09	9.35939e-09	9.35939e-09	9.35939e-09	9.35939e-09	9.35939e-09	9.35939e-09	9.35939e-09	9.35939e-09	9.35939e-09	9.35939e-09	9.35939e-09	9.35939e-09	9.35939e-09	9.35939e-09	9.35939e-09	9.35939e-09	9.35939e-09	9.35939e-09	9.35939e-09	9.35939e-09	9.35939e-09	9.35939e-09	9.35939e-09	9.35939e-09	9.35939e-09	9.35939e-09	9.35939e-09
23.09	8.44403e-10	4.01625e-09	6.40177e-09	8.02665e-09	9.13066e-09	9.85736e-09	1.02754e-08	1.04721e-08	1.05623e-08	1.05959e-08	1.06000e-08	1.06000e-08	1.06000e-08	1.06000e-08	1.06000e-08	1.06000e-08	1.06000e-08	1.06000e-08	1.06000e-08	1.06000e-08	1.06000e-08	1.06000e-08	1.06000e-08	1.06000e-08	1.06000e-08	1.06000e-08	1.06000e-08	1.06000e-08	1.06000e-08	1.06000e-08	1.06000e-08	1.06000e-08	1.06000e-08	1.06000e-08	1.06000e-08	1.06000e-08	1.06000e-08	1.06000e-08	1.06000e-08	1.06000e-08	1.06000e-08	1.06000e-08	1.06000e-08	1.06000e-08	1.06000e-08	1.06000e-08	1.06000e-08	1.06000e-08	1.06000e-08	1.06000e-08	1.06000e-08	1.06000e-08	1.06000e-08	1.06000e-08	1.06000e-08	1.06000e-08	1.06000e-08	1.06000e-08	1.06000e-08	1.06000e-08	1.06000e-08	1.06000e-08	1.06000e-08	1.06000e-08	1.06000e-08	1.06000e-08	1.06000e-08	1.06000e-08	1.06000e-08	1.06000e-08	1.06000e-08	1.06000e-08	1.06000e-08	1.06000e-08
23.15	9.28419e-10	4.41611e-09	7.04322e-09	8.84248e-09	1.00826e-08	1.09281e-08	1.14637e-08	1.17391e-08	1.18670e-08	1.19217e-08	1.19373e-08	1.19374e-08	1.19374e-08	1.19374e-08	1.19374e-08	1.19374e-08	1.19374e-08	1.19374e-08	1.19374e-08	1.19374e-08	1.19374e-08	1.19374e-08	1.19374e-08	1.19374e-08	1.19374e-08	1.19374e-08	1.19374e-08	1.19374e-08	1.19374e-08	1.19374e-08	1.19374e-08	1.19374e-08	1.19374e-08	1.19374e-08	1.19374e-08	1.19374e-08	1.19374e-08	1.19374e-08	1.19374e-08	1.19374e-08	1.19374e-08	1.19374e-08	1.19374e-08	1.19374e-08	1.19374e-08	1.19374e-08	1.19374e-08	1.19374e-08	1.19374e-08	1.19374e-08	1.19374e-08	1.19374e-08	1.19374e-08	1.19374e-08	1.19374e-08	1.19374e-08	1.19374e-08	1.19374e-08	1.19374e-08	1.19374e-08	1.19374e-08	1.19374e-08	1.19374e-08	1.19374e-08	1.19374e-08	1.19374e-08	1.19374e-08	1.19374e-08	1.19374e-08	1.19374e-08	1.19374e-08	1.19374e-08	1.19374e-08	1.19374e-08
23.21	1.02108e-09	4.85581e-09	7.74562e-09	9.73064e-09	1.11105e-08	1.20717e-08	1.27144e-08	1.30912e-08	1.32679e-08	1.33486e-08	1.33794e-08	1.33840e-08	1.33840e-08	1.33840e-08	1.33840e-08	1.33840e-08	1.33840e-08	1.33840e-08	1.33840e-08	1.33840e-08	1.33840e-08	1.33840e-08	1.33840e-08	1.33840e-08	1.33840e-08	1.33840e-08	1.33840e-08	1.33840e-08	1.33840e-08	1.33840e-08	1.33840e-08	1.33840e-08	1.33840e-08	1.33840e-08	1.33840e-08	1.33840e-08	1.33840e-08	1.33840e-08	1.33840e-08	1.33840e-08	1.33840e-08	1.33840e-08	1.33840e-08	1.33840e-08	1.33840e-08	1.33840e-08	1.33840e-08	1.33840e-08	1.33840e-08	1.33840e-08	1.33840e-08	1.33840e-08	1.33840e-08	1.33840e-08	1.33840e-08	1.33840e-08	1.33840e-08	1.33840e-08	1.33840e-08	1.33840e-08	1.33840e-08	1.33840e-08	1.33840e-08	1.33840e-08	1.33840e-08	1.33840e-08	1.33840e-08	1.33840e-08	1.33840e-08	1.33840e-08	1.33840e-08	1.33840e-08	1.33840e-08	1.33840e-08
23.27	1.12347e-09	5.34078e-09	8.51819e-09	1.07036e-08	1.22304e-08	1.33079e-08	1.40519e-08	1.45272e-08	1.47754e-08	1.48892e-08	1.49380e-08	1.49529e-08	1.49533e-08	1.49533e-08	1.49533e-08	1.49533e-08	1.49533e-08	1.49533e-08	1.49533e-08	1.49533e-08	1.49533e-08	1.49533e-08	1.49533e-08	1.49533e-08	1.49533e-08	1.49533e-08	1.49533e-08	1.49533e-08	1.49533e-08	1.49533e-08	1.49533e-08	1.49533e-08	1.49533e-08	1.49533e-08	1.49533e-08	1.49533e-08	1.49533e-08	1.49533e-08	1.49533e-08	1.49533e-08	1.49533e-08	1.49533e-08	1.49533e-08	1.49533e-08	1.49533e-08	1.49533e-08	1.49533e-08	1.49533e-08	1.49533e-08	1.49533e-08	1.49533e-08	1.49533e-08	1.49533e-08	1.49533e-08	1.49533e-08	1.49533e-08	1.49533e-08	1.49533e-08	1.49533e-08	1.49533e-08	1.49533e-08	1.49533e-08	1.49533e-08	1.49533e-08	1.49533e-08	1.49533e-08	1.49533e-08	1.49533e-08	1.49533e-08	1.49533e-08	1.49533e-08	1.49533e-08	1.49533e-08	1.49533e-08
23.33	1.23666e-09	5.87650e-09	9.37019e-09	1.17739e-08	1.34575e-08	1.46550e-08	1.54982e-08	1.60641e-08	1.63993e-08	1.65565e-08	1.66279e-08	1.66556e-08	1.66605e-08	1.66605e-08	1.66605e-08	1.66605e-08	1.66605e-08	1.66605e-08	1.66605e-08	1.66605e-08	1.66605e-08	1.66605e-08	1.66605e-08	1.66605e-08	1.66605e-08	1.66605e-08	1.66605e-08	1.66605e-08	1.66605e-08	1.66605e-08	1.66605e-08	1.66605e-08	1.66605e-08	1.66605e-08	1.66605e-08	1.66605e-08	1.66605e-08	1.66605e-08	1.66605e-08	1.66605e-08	1.66605e-08	1.66605e-08	1.66605e-08	1.66605e-08	1.66605e-08	1.66605e-08	1.66605e-08	1.66605e-08	1.66605e-08	1.66605e-08	1.66605e-08	1.66605e-08	1.66605e-08	1.66605e-08	1.66605e-08	1.66605e-08	1.66605e-08	1.66605e-08	1.66605e-08	1.66605e-08	1.66605e-08	1.66605e-08	1.66605e-08	1.66605e-08	1.66605e-08	1.66605e-08	1.66605e-08	1.66605e-08	1.66605e-08	1.66605e-08	1.66605e-08	1.66605e-08	1.66605e-08	1.66605e-08
23.39	1.36184e-09	6.46876e-09	1.03113e-08	1.29542e-08	1.48073e-08	1.61313e-08	1.70747e-08	1.77267e-08	1.81440e-08	1.83646e-08	1.84646e-08	1.85077e-08	1.85215e-08	1.85222e-08	1.85222e-08	1.85222e-08	1.85222e-08	1.85222e-08	1.85222e-08	1.85222e-08	1.85222e-08	1.85222e-08	1.85222e-08	1.85222e-08	1.85222e-08	1.85222e-08	1.85222e-08	1.85222e-08	1.85222e-08	1.85222e-08	1.85222e-08	1.85222e-08	1.85222e-08	1.85222e-08	1.85222e-08	1.85222e-08	1.85222e-08	1.85222e-08	1.85222e-08	1.85222e-08	1.85222e-08	1.85222e-08	1.85222e-08	1.85222e-08	1.85222e-08	1.85222e-08	1.85222e-08	1.85222e-08	1.85222e-08	1.85222e-08	1.85222e-08	1.85222e-08	1.85222e-08	1.85222e-08	1.85222e-08	1.85222e-08	1.85222e-08	1.85222e-08	1.85222e-08	1.85222e-08	1.85222e-08	1.85222e-08	1.85222e-08	1.85222e-08	1.85222e-08	1.85222e-08	1.85222e-08	1.85222e-08	1.85222e-08	1.85222e-08	1.85222e-08	1.85222e-08	1.85222e-08	1.85222e-08
23.45	1.50023e-09	7.12369e-09	1.13516e-08	1.42576e-08	1.62957e-08	1.77551e-08	1.88024e-08	1.95393e-08	2.00323e-08	2.03262e-08	2.04648e-08	2.05270e-08	2.05516e-08	2.05567e-08	2.05567e-08	2.05567e-08	2.05567e-08	2.05567e-08	2.05567e-08	2.05567e-08	2.05567e-08	2.05567e-08	2.05567e-08	2.05567e-08	2.05567e-08	2.05567e-08	2.05567e-08	2.05567e-08	2.05567e-08	2.05567e-08	2.05567e-08	2.05567e-08	2.05567e-08	2.05567e-08	2.05567e-08	2.05567e-08	2.05567e-08	2.05567e-08	2.05567e-08	2.05567e-08	2.05567e-08	2.05567e-08	2.05567e-08	2.05567e-08	2.05567e-08	2.05567e-08	2.05567e-08	2.05567e-08	2.05567e-08	2.05567e-08	2.05567e-08	2.05567e-08	2.05567e-08	2.05567e-08	2.05567e-08	2.05567e-08	2.05567e-08	2.05567e-08	2.05567e-08	2.05567e-08	2.05567e-08	2.05567e-08	2.05567e-08	2.05567e-08	2.05567e-08	2.05567e-08	2.05567e-08	2.05567e-08	2.05567e-08	2.05567e-08	2.05567e-08	2.05567e-08	2.05567e-08	2.05567e-08
23.51	1.65310e-09	7.84758e-09	1.25015e-08	1.56980e-08	1.79387e-08	1.95448e-08	2.07019e-08	2.15250e-08	2.20907e-08	2.24521e-08	2.26457e-08	2.27325e-08	2.27701e-08	2.27827e-08	2.27836e-08	2.27836e-08	2.27836e-08	2.27836e-08	2.27836e-08	2.27836e-08	2.27836e-08	2.27836e-08	2.27836e-08	2.27836e-08	2.27836e-08	2.27836e-08	2.27836e-08	2.27836e-08	2.27836e-08	2.27836e-08	2.27836e-08	2.27836e-08	2.27836e-08	2.27836e-08	2.27836e-08	2.27836e-08	2.27836e-08	2.27836e-08	2.27836e-08	2.27836e-08	2.27836e-08	2.27836e-08	2.27836e-08	2.27836e-08	2.27836e-08	2.27836e-08	2.27836e-08	2.27836e-08	2.27836e-08	2.27836e-08	2.27836e-08	2.27836e-08	2.27836e-08	2.27836e-08	2.27836e-08	2.27836e-08	2.27836e-08	2.27836e-08	2.27836e-08	2.27836e-08	2.27836e-08	2.27836e-08	2.27836e-08	2.27836e-08	2.27836e-08	2.27836e-08	2.27836e-08	2.27836e-08	2.27836e-08	2.27836e-08	2.27836e-08	2.27836e-08	2.27836e-08	2.27836e-08
23.57	1.82171e-09	8.64698e-09	1.37721e-08	1.72894e-08	1.97534e-08	2.15195e-08	2.27945e-08	2.37072e-08	2.43449e-08	2.47692e-08	2.50232e-08	2.51441e-08	2.51979e-08	2.52194e-08	2.52244e-08	2.52244e-08	2.52244e-08	2.52244e-08	2.52244e-08	2.52244e-08	2.52244e-08	2.52244e-08	2.52244e-08	2.52244e-08	2.52244e-08	2.52244e-08	2.52244e-08	2.52244e-08	2.52244e-08	2.52244e-08	2.52244e-08	2.52244e-08	2.52244e-08	2.52244e-08	2.52244e-08	2.52244e-08	2.52244e-08	2.52244e-08	2.52244e-08	2.52244e-08	2.52244e-08	2.52244e-08	2.52244e-08	2.52244e-08	2.52244e-08	2.52244e-08	2.52244e-08	2.52244e-08	2.52244e-08	2.52244e-08	2.52244e-08	2.52244e-08	2.52244e-08	2.52244e-08	2.52244e-08	2.52244e-08	2.52244e-08	2.52244e-08	2.52244e-08	2.52244e-08	2.52244e-08	2.52244e-08	2.52244e-08	2.52244e-08	2.52244e-08	2.52244e-08	2.52244e-08	2.52244e-08	2.52244e-08	2.52244e-08	2.52244e-08	2.52244e-08	2.52244e-08	2.52244e-08
23.63	2.00756e-09	9.52891e-09	1.51749e-08	1.90469e-08	2.17573e-08	2.36991e-08	2.51019e-08	2.61098e-08	2.68209e-08	2.73058e-08	2.76149e-08	2.77826e-08	2.78573e-08	2.78896e-08	2.79009e-08	2.79021e-08	2.79021e-08	2.79021e-08	2.79021e-08	2.79021e-08	2.79021e-08	2.79021e-08	2.79021e-08	2.79021e-08	2.79021e-08	2.79021e-08	2.79021e-08	2.79021e-08	2.79021e-08	2.79021e-08	2.79021e-08	2.79021e-08	2.79021e-08	2.79021e-08	2.79021e-08	2.79021e-08	2.79021e-08	2.79021e-08	2.79021e-08	2.79021e-08	2.79021e-08	2.79021e-08	2.79021e-08	2.79021e-08	2.79021e-08	2.79021e-08	2.79021e-08	2.79021e-08	2.79021e-08	2.79021e-08	2.79021e-08	2.79021e-08	2.79021e-08	2.79021e-08	2.79021e-08	2.79021e-08	2.79021e-08	2.79021e-08	2.79021e-08	2.79021e-08	2.79021e-08	2.79021e-08	2.79021e-08	2.79021e-08	2.79021e-08	2.79021e-08	2.79021e-08	2.79021e-08	2.79021e-08	2.79021e-08	2.79021e-08	2.79021e-08	2.79021e-08	2.79021e-08
23.69	2.21198e-09	1.05006e-08	1.67217e-08	2.09860e-08	2.39687e-08	2.61040e-08	2.76466e-08	2.87567e-08	2.95446e-08	3.00899e-08	3.04506e-08	3.06671e-08	3.07716e-08	3.08176e-08	3.08363e-08	3.08411e-08	3.08411e-08	3.08411e-08	3.08411e-08	3.08411e-08	3.08411e-08	3.08411e-08	3.08411e-08	3.08411e-08	3.08411e-08	3.08411e-08	3.08411e-08	3.08411e-08	3.08411e-08	3.08411e-08	3.08411e-08	3.08411e-08	3.08411e-08	3.08411e-08	3.08411e-08	3.08411e-08	3.08411e-08	3.08411e-08	3.08411e-08	3.08411e-08	3.08411e-08	3.08411e-08	3.08411e-08	3.08411e-08	3.08411e-08	3.08411e-08	3.08411e-08	3.08411e-08	3.08411e-08	3.08411e-08	3.08411e-08	3.08411e-08	3.08411e-08	3.08411e-08	3.08411e-08	3.08411e-08	3.08411e-08	3.08411e-08	3.08411e-08	3.08411e-08	3.08411e-08	3.08411e-08	3.08411e-08	3.08411e-08	3.08411e-08	3.08411e-08	3.08411e-08	3.08411e-08	3.08411e-08	3.08411e-08	3.08411e-08	3.08411e-08	3.08411e-08	3.08411e-08
23.75	2.43646e-09	1.15692e-08	1.84249e-08	2.31228e-08	2.64066e-08	2.87556e-08	3.04517e-08	3.16729e-08	3.25424e-08	3.31497e-08	3.35604e-08	3.38214e-08	3.39650e-08	3.40288e-08	3.40564e-08	3.40664e-08	3.40677e-08	3.40677e-08	3.40677e-08	3.40677e-08	3.40677e-08	3.40677e-08	3.40677e-08	3.40677e-08	3.40677e-08	3.40677e-08	3.40677e-08	3.40677e-08	3.40677e-08	3.40677e-08	3.40677e-08	3.40677e-08	3.40677e-08	3.40677e-08	3.40677e-08	3.40677e-08	3.40677e-08	3.40677e-08	3.40677e-08	3.40677e-08	3.40677e-08	3.40677e-08	3.40677e-08	3.40677e-08	3.40677e-08	3.40677e-08	3.40677e-08	3.40677e-08	3.40677e-08	3.40677e-08	3.40677e-08	3.40677e-08	3.40677e-08	3.40677e-08	3.40677e-08	3.40677e-08	3.40677e-08	3.40677e-08	3.40677e-08	3.40677e-08	3.40677e-08	3.40677e-08	3.40677e-08	3.40677e-08	3.40677e-08	3.40677e-08	3.40677e-08	3.40677e-08	3.40677e-08	3.40677e-08	3.40677e-08	3.40677e-08	3.40677e-08	3.40677e-08
23.81	2.68242e-09	1.27425e-08	2.02973e-08	2.54739e-08	2.90907e-08	3.16759e-08	3.35411e-08	3.48839e-08	3.58413e-08	3.65136e-08	3.69744e-08	3.72774e-08	3.74600e-08	3.75494e-08	3.75886e-08	3.76046e-08	3.76091e-08	3.76092e-08	3.76092e-08	3.76092e-08	3.76092e-08	3.76092e-08	3.76092e-08	3.76092e-08	3.76092e-08	3.76092e-08	3.76092e-08	3.76092e-08	3.76092e-08	3.76092e-08	3.76092e-08	3.76092e-08	3.76092e-08	3.76092e-08	3.76092e-08	3.76092e-08	3.76092e-08	3.76092e-08	3.76092e-08	3.76092e-08	3.76092e-08	3.76092e-08	3.76092e-08	3.76092e-08	3.76092e-08	3.76092e-08	3.76092e-08	3.76092e-08	3.76092e-08	3.76092e-08	3.76092e-08	3.76092e-08	3.76092e-08	3.76092e-08	3.76092e-08	3.76092e-08	3.76092e-08	3.76092e-08	3.76092e-08	3.76092e-08	3.76092e-08	3.76092e-08	3.76092e-08	3.76092e-08	3.76092e-08	3.76092e-08	3.76092e-08	3.76092e-08	3.76092e-08	3.76092e-08	3.76092e-08	3.76092e-08	3.76092e-08	3.76092e-08
23.88	2.95124e-09	1.40276e-08	2.23516e-08	2.80562e-08	3.20409e-08	3.48873e-08	3.69394e-08	3.84158e-08	3.94689e-08	4.02104e-08	4.07229e-08	4.10668e-08	4.12851e-08	4.14067e-08	4.14607e-08	4.14842e-08	4.14929e-08	4.14943e-08	4.14943e-08	4.14943e-08	4.14943e-08	4.14943e-08	4.14943e-08	4.14943e-08	4.14943e-08	4.14943e-08	4.14943e-08	4.14943e-08	4.14943e-08	4.14943e-08	4.14943e-08	4.14943e-08	4.14943e-08	4.14943e-08	4.14943e-08	4.14943e-08	4.14943e-08	4.14943e-08	4.14943e-08	4.14943e-08	4.14943e-08	4.14943e-08	4.14943e-08	4.14943e-08	4.14943e-08	4.14943e-08	4.14943e-08	4.14943e-08	4.14943e-08	4.14943e-08	4.14943e-08	4.14943e-08	4.14943e-08	4.14943e-08	4.14943e-08	4.14943e-08	4.14943e-08	4.14943e-08	4.14943e-08	4.14943e-08	4.14943e-08	4.14943e-08	4.14943e-08	4.14943e-08	4.14943e-08	4.14943e-08	4.14943e-08	4.14943e-08	4.14943e-08	4.14943e-08	4.14943e-08	4.14943e-08	4.14943e-08	4.14943e-08
23.94	3.24438e-09	1.54321e-08	2.46004e-08	3.08868e-08	3.52776e-08	3.84128e-08	4.06713e-08	4.22951e-08	4.34530e-08	4.42693e-08	4.48362e-08	4.52214e-08	4.54734e-08	4.56258e-08	4.57018e-08	4.57348e-08	4.57484e-08	4.57526e-08	4.57527e-08	4.57527e-08	4.57527e-08	4.57527e-08	4.57527e-08	4.57527e-08	4.57527e-08	4.57527e-08	4.57527e-08	4.57527e-08	4.57527e-08	4.57527e-08	4.57527e-08	4.57527e-08	4.57527e-08	4.57527e-08	4.57527e-08	4.57527e-08	4.57527e-08	4.57527e-08	4.57527e-08	4.57527e-08	4.57527e-08	4.57527e-08	4.57527e-08	4.57527e-08	4.57527e-08	4.57527e-08	4.57527e-08	4.57527e-08	4.57527e-08	4.57527e-08	4.57527e-08	4.57527e-08	4.57527e-08	4.57527e-08	4.57527e-08	4.57527e-08	4.57527e-08	4.57527e-08	4.57527e-08	4.57527e-08	4.57527e-08	4.57527e-08	4.57527e-08	4.57527e-08	4.57527e-08	4.57527e-08	4.57527e-08	4.57527e-08	4.57527e-08	4.57527e-08	4.57527e-08	4.57527e-08	4.57527e-08	4.57527e-08
24.00	3.56302e-09	1.69630e-08	2.70563e-08	3.39822e-08	3.88210e-08	4.22753e-08	4.47622e-08	4.65487e-08	4.78219e-08	4.87196e-08	4.93446e-08	4.97725e-08	5.00578e-08	5.02385e-08	5.03404e-08	5.03862e-08	5.04060e-08	5.04135e-08	5.04149e-08	5.04149e-08	5.04149e-08	5.04149e-08	5.04149e-08	5.04149e-08	5.04149e-08	5.04149e-08	5.04149e-08	5.04149e-08	5.04149e-08	5.04149e-08	5.04149e-08	5.04149e-08	5.04149e-08	5.04149e-08	5.04149e-08	5.04149e-08	5.04149e-08	5.04149e-08	5.04149e-08	5.04149e-08	5.04149e-08	5.04149e-08	5.04149e-08	5.04149e-08	5.04149e-08	5.04149e-08	5.04149e-08	5.04149e-08	5.04149e-08	5.04149e-08	5.04149e-08	5.04149e-08	5.04149e-08	5.04149e-08	5.04149e-08	5.04149e-08	5.04149e-08	5.04149e-08	5.04149e-08	5.04149e-08	5.04149e-08	5.04149e-08	5.04149e-08	5.04149e-08	5.04149e-08	5.04149e-08	5.04149e-08	5.04149e-08	5.04149e-08	5.04149e-08	5.04149e-08	5.04149e-08	5.04149e-08	5.04149e-08
24.06	3.90836e-09	1.86268e-08	2.97311e-08	3.73590e-08	4.26910e-08	4.64975e-08	4.92369e-08	5.12033e-08	5.26037e-08	5.35908e-08	5.42786e-08	5.47515e-08	5.50704e-08	5.52783e-08	5.54044e-08	5.54685e-08	5.54962e-08	5.55078e-08	5.55114e-08	5.55117e-08	5.55117e-08	5.55117e-08	5.55117e-08	5.55117e-08	5.55117e-08	5.55117e-08	5.55117e-08	5.55117e-08	5.55117e-08	5.55117e-08	5.55117e-08	5.55117e-08	5.55117e-08	5.55117e-08	5.55117e-08	5.55117e-08	5.55117e-08	5.55117e-08	5.55117e-08	5.55117e-08	5.55117e-08	5.55117e-08	5.55117e-08	5.55117e-08	5.55117e-08	5.55117e-08	5.55117e-08	5.55117e-08	5.55117e-08	5.55117e-08	5.55117e-08	5.55117e-08	5.55117e-08	5.55117e-08	5.55117e-08	5.55117e-08	5.55117e-08	5.55117e-08	5.55117e-08	5.55117e-08	5.55117e-08	5.55117e-08	5.55117e-08	5.55117e-08	5.55117e-08	5.55117e-08	5.55117e-08	5.55117e-08	5.55117e-08	5.55117e-08	5.55117e-08	5.55117e-08	5.55117e-08	5.55117e-08
24.12	4.28139e-09	2.04295e-08	3.26359e-08	4.10325e-08	4.69067e-08	5.11015e-08	5.41198e-08	5.62852e-08	5.78261e-08	5.89114e-08	5.96679e-08	6.01891e-08	6.05429e-08	6.07775e-08	6.09261e-08	6.10108e-08	6.10493e-08	6.10660e-08	6.10724e-08	6.10738e-08	6.10738e-08	6.10738e-08	6.10738e-08	6.10738e-08	6.10738e-08	6.10738e-08	6.10738e-08	6.10738e-08	6.10738e-08	6.10738e-08	6.10738e-08	6.10738e-08	6.10738e-08	6.10738e-08	6.10738e-08	6.10738e-08	6.10738e-08	6.10738e-08	6.10738e-08	6.10738e-08	6.10738e-08	6.10738e-08	6.10738e-08	6.10738e-08	6.10738e-08	6.10738e-08	6.10738e-08	6.10738e-08	6.10738e-08	6.10738e-08	6.10738e-08	6.10738e-08	6.10738e-08	6.10738e-08	6.10738e-08	6.10738e-08	6.10738e-08	6.10738e-08	6.10738e-08	6.10738e-08	6.10738e-08	6.10738e-08	6.10738e-08	6.10738e-08	6.10738e-08	6.10738e-08	6.10738e-08	6.10738e-08	6.10738e-08	6.10738e-08	6.10738e-08	6.10738e-08	6.10738e-08	6.10738e-08
24.18	4.68288e-09	2.23761e-08	3.57803e-08	4.50167e-08	5.14858e-08	5.61080e-08	5.94341e-08	6.18196e-08	6.35157e-08	6.47096e-08	6.55413e-08	6.61148e-08	6.65056e-08	6.67675e-08	6.69376e-08	6.70413e-08	6.70949e-08	6.71181e-08	6.71278e-08	6.71311e-08	6.71313e-08	6.71313e-08	6.71313e-08	6.71313e-08	6.71313e-08	6.71313e-08	6.71313e-08	6.71313e-08	6.71313e-08	6.71313e-08	6.71313e-08	6.71313e-08	6.71313e-08	6.71313e-08	6.71313e-08	6.71313e-08	6.71313e-08	6.71313e-08	6.71313e-08	6.71313e-08	6.71313e-08	6.71313e-08	6.71313e-08	6.71313e-08	6.71313e-08	6.71313e-08	6.71313e-08	6.71313e-08	6.71313e-08	6.71313e-08	6.71313e-08	6.71313e-08	6.71313e-08	6.71313e-08	6.71313e-08	6.71313e-08	6.71313e-08	6.71313e-08	6.71313e-08	6.71313e-08	6.71313e-08	6.71313e-08	6.71313e-08	6.71313e-08	6.71313e-08	6.71313e-08	6.71313e-08	6.71313e-08	6.71313e-08	6.71313e-08	6.71313e-08	6.71313e-08	6.71313e-08	6.71313e-08
24.24	5.11324e-09	2.44703e-08	3.91726e-08	4.93240e-08	5.64441e-08	6.15361e-08	6.52015e-08	6.78299e-08	6.96979e-08	7.10116e-08	7.19262e-08	7.25568e-08	7.29874e-08	7.32776e-08	7.34692e-08	7.35905e-08	7.36604e-08	7.36927e-08	7.37066e-08	7.37121e-08	7.37134e-08	7.37134e-08	7.37134e-08	7.37134e-08	7.37134e-08	7.37134e-08	7.37134e-08	7.37134e-08	7.37134e-08	7.37134e-08	7.37134e-08	7.37134e-08	7.37134e-08	7.37134e-08	7.37134e-08	7.37134e-08	7.37134e-08	7.37134e-08	7.37134e-08	7.37134e-08	7.37134e-08	7.37134e-08	7.37134e-08	7.37134e-08	7.37134e-08	7.37134e-08	7.37134e-08	7.37134e-08	7.37134e-08	7.37134e-08	7.37134e-08	7.37134e-08	7.37134e-08	7.37134e-08	7.37134e-08	7.37134e-08	7.37134e-08	7.37134e-08	7.37134e-08	7.37134e-08	7.37134e-08	7.37134e-08	7.37134e-08	7.37134e-08	7.37134e-08	7.37134e-08	7.37134e-08	7.37134e-08	7.37134e-08	7.37134e-08	7.37134e-08	7.37134e-08	7.37134e-08	7.37134e-08
24.30	5.57247e-09	2.67145e-08	4.28184e-08	5.39638e-08	6.17950e-08	6.74022e-08	7.14409e-08	7.43374e-08	7.63952e-08	7.78415e-08	7.88476e-08	7.95410e-08	8.00147e-08	8.03351e-08	8.05485e-08	8.06870e-08	8.07716e-08	8.08163e-08	8.08356e-08	8.08437e-08	8.08466e-08	8.08469e-08	8.08469e-08	8.08469e-08	8.08469e-08	8.08469e-08	8.08469e-08	8.08469e-08	8.08469e-08	8.08469e-08	8.08469e-08	8.08469e-08	8.08469e-08	8.08469e-08	8.08469e-08	8.08469e-08	8.08469e-08	8.08469e-08	8.08469e-08	8.08469e-08	8.08469e-08	8.08469e-08	8.08469e-08	8.08469e-08	8.08469e-08	8.08469e-08	8.08469e-08	8.08469e-08	8.08469e-08	8.08469e-08	8.08469e-08	8.08469e-08	8.08469e-08	8.08469e-08	8.08469e-08	8.08469e-08	8.08469e-08	8.08469e-08	8.08469e-08	8.08469e-08	8.08469e-08	8.08469e-08	8.08469e-08	8.08469e-08	8.08469e-08	8.08469e-08	8.08469e-08	8.08469e-08	8.08469e-08	8.08469e-08	8.08469e-08	8.08469e-08	8.08469e-08	8.08469e-08
24.36	6.06044e-09	2.91087e-08	4.67209e-08	5.89428e-08	6.75483e-08	7.37191e-08	7.81680e-08	8.13600e-08	8.36274e-08	8.52203e-08	8.63275e-08	8.70900e-08	8.76109e-08	8.79637e-08	8.82001e-08	8.83556e-08	8.84541e-08	8.85114e-08	8.85384e-08	8.85500e-08	8.85547e-08	8.85559e-08	8.85559e-08	8.85559e-08	8.85559e-08	8.85559e-08	8.85559e-08	8.85559e-08	8.85559e-08	8.85559e-08	8.85559e-08	8.85559e-08	8.85559e-08	8.85559e-08	8.85559e-08	8.85559e-08	8.85559e-08	8.85559e-08	8.85559e-08	8.85559e-08	8.85559e-08	8.85559e-08	8.85559e-08	8.85559e-08	8.85559e-08	8.85559e-08	8.85559e-08	8.85559e-08	8.85559e-08	8.85559e-08	8.85559e-08	8.85559e-08	8.85559e-08	8.85559e-08	8.85559e-08	8.85559e-08	8.85559e-08	8.85559e-08	8.85559e-08	8.85559e-08	8.85559e-08	8.85559e-08	8.85559e-08	8.85559e-08	8.85559e-08	8.85559e-08	8.85559e-08	8.85559e-08	8.85559e-08	8.85559e-08	8.85559e-08	8.85559e-08	8.85559e-08	8.85559e-08
24.42	6.57613e-09	3.16509e-08	5.08797e-08	6.42633e-08	7.37095e-08	8.04956e-08	8.53942e-08	8.89111e-08	9.14099e-08	9.31647e-08	9.43837e-08	9.52226e-08	9.57953e-08	9.61834e-08	9.64443e-08	9.66173e-08	9.67293e-08	9.67981e-08	9.68351e-08	9.68511e-08	9.68579e-08	9.68604e-08	9.68607e-08	9.68607e-08	9.68607e-08	9.68607e-08	9.68607e-08	9.68607e-08	9.68607e-08	9.68607e-08	9.68607e-08	9.68607e-08	9.68607e-08	9.68607e-08	9.68607e-08	9.68607e-08	9.68607e-08	9.68607e-08	9.68607e-08	9.68607e-08	9.68607e-08	9.68607e-08	9.68607e-08	9.68607e-08	9.68607e-08	9.68607e-08	9.68607e-08	9.68607e-08	9.68607e-08	9.68607e-08	9.68607e-08	9.68607e-08	9.68607e-08	9.68607e-08	9.68607e-08	9.68607e-08	9.68607e-08	9.68607e-08	9.68607e-08	9.68607e-08	9.68607e-08	9.68607e-08	9.68607e-08	9.68607e-08	9.68607e-08	9.68607e-08	9.68607e-08	9.68607e-08	9.68607e-08	9.68607e-08	9.68607e-08	9.68607e-08	9.68607e-08	9.68607e-08
24.48	7.11839e-09	3.43375e-08	5.52910e-08	6.99238e-08	8.02799e-08	8.77356e-08	9.31260e-08	9.69999e-08	9.97535e-08	1.01687e-07	1.03030e-07	1.03953e-07	1.04583e-07	1.05010e-07	1.05297e-07	1.05488e-07	1.05614e-07	1.05693e-07	1.05740e-07	1.05763e-07	1.05772e-07	1.05776e-07	1.05777e-07	1.05777e-07	1.05777e-07	1.05777e-07	1.05777e-07	1.05777e-07	1.05777e-07	1.05777e-07	1.05777e-07	1.05777e-07	1.05777e-07	1.05777e-07	1.05777e-07	1.05777e-07	1.05777e-07	1.05777e-07	1.05777e-07	1.05777e-07	1.05777e-07	1.05777e-07	1.05777e-07	1.05777e-07	1.05777e-07	1.05777e-07	1.05777e-07	1.05777e-07	1.05777e-07	1.05777e-07	1.05777e-07	1.05777e-07	1.05777e-07	1.05777e-07	1.05777e-07	1.05777e-07	1.05777e-07	1.05777e-07	1.05777e-07	1.05777e-07	1.05777e-07	1.05777e-07	1.05777e-07	1.05777e-07	1.05777e-07	1.05777e-07	1.05777e-07	1.05777e-07	1.05777e-07	1.05777e-07	1.05777e-07	1.05777e-07	1.05777e-07	1.05777e-07
24.54	7.68496e-09	3.71606e-08	5.99458e-08	7.59163e-08	8.72539e-08	9.54363e-08	1.01363e-07	1.05628e-07	1.08662e-07	1.10793e-07	1.12272e-07	1.13289e-07	1.13982e-07	1.14451e-07	1.14767e-07	1.14978e-07	1.15118e-07	1.15208e-07	1.15263e-07	1.15294e-07	1.15307e-07	1.15313e-07	1.15315e-07	1.15315e-07	1.15315e-07	1.15315e-07	1.15315e-07	1.15315e-07	1.15315e-07	1.15315e-07	1.15315e-07	1.15315e-07	1.15315e-07	1.15315e-07	1.15315e-07	1.15315e-07	1.15315e-07	1.15315e-07	1.15315e-07	1.15315e-07	1.15315e-07	1.15315e-07	1.15315e-07	1.15315e-07	1.15315e-07	1.15315e-07	1.15315e-07	1.15315e-07	1.15315e-07	1.15315e-07	1.15315e-07	1.15315e-07	1.15315e-07	1.15315e-07	1.15315e-07	1.15315e-07	1.15315e-07	1.15315e-07	1.15315e-07	1.15315e-07	1.15315e-07	1.15315e-07	1.15315e-07	1.15315e-07	1.15315e-07	1.15315e-07	1.15315e-07	1.15315e-07	1.15315e-07	1.15315e-07	1.15315e-07	1.15315e-07	1.15315e-07	1.15315e-07
24.60	8.27340e-09	4.01093e-08	6.48305e-08	8.22272e-08	9.46194e-08	1.03588e-07	1.10098e-07	1.14791e-07	1.18132e-07	1.20481e-07	1.22111e-07	1.23230e-07	1.23993e-07	1.24509e-07	1.24856e-07	1.25089e-07	1.25243e-07	1.25344e-07	1.25408e-07	1.25446e-07	1.25465e-07	1.25473e-07	1.25476e-07	1.25477e-07	1.25477e-07	1.25477e-07	1.25477e-07	1.25477e-07	1.25477e-07	1.25477e-07	1.25477e-07	1.25477e-07	1.25477e-07	1.25477e-07	1.25477e-07	1.25477e-07	1.25477e-07	1.25477e-07	1.25477e-07	1.25477e-07	1.25477e-07	1.25477e-07	1.25477e-07	1.25477e-07	1.25477e-07	1.25477e-07	1.25477e-07	1.25477e-07	1.25477e-07	1.25477e-07	1.25477e-07	1.25477e-07	1.25477e-07	1.25477e-07	1.25477e-07	1.25477e-07	1.25477e-07	1.25477e-07	1.25477e-07	1.25477e-07	1.25477e-07	1.25477e-07	1.25477e-07	1.25477e-07	1.25477e-07	1.25477e-07	1.25477e-07	1.25477e-07	1.25477e-07	1.25477e-07	1.25477e-07	1.25477e-07	1.25477e-07	1.25477e-07
24.66	8.88022e-09	4.31701e-08	6.99259e-08	8.88360e-08	1.02357e-07	1.12172e-07	1.19316e-07	1.24475e-07	1.28153e-07	1.30740e-07	1.32537e-07	1.33770e-07	1.34610e-07	1.35178e-07	1.35560e-07	1.35815e-07	1.35986e-07	1.36098e-07	1.36170e-07	1.36215e-07	1.36240e-07	1.36251e-07	1.36256e-07	1.36258e-07	1.36258e-07	1.36258e-07	1.36258e-07	1.36258e-07	1.36258e-07	1.36258e-07	1.36258e-07	1.36258e-07	1.36258e-07	1.36258e-07	1.36258e-07	1.36258e-07	1.36258e-07	1.36258e-07	1.36258e-07	1.36258e-07	1.36258e-07	1.36258e-07	1.36258e-07	1.36258e-07	1.36258e-07	1.36258e-07	1.36258e-07	1.36258e-07	1.36258e-07	1.36258e-07	1.36258e-07	1.36258e-07	1.36258e-07	1.36258e-07	1.36258e-07	1.36258e-07	1.36258e-07	1.36258e-07	1.36258e-07	1.36258e-07	1.36258e-07	1.36258e-07	1.36258e-07	1.36258e-07	1.36258e-07	1.36258e-07	1.36258e-07	1.36258e-07	1.36258e-07	1.36258e-07	1.36258e-07	1.36258e-07	1.36258e-07	1.36258e-07
24.73	9.50127e-09	4.63250e-08	7.52064e-08	9.57144e-08	1.10437e-07	1.21163e-07	1.28991e-07	1.34656e-07	1.38703e-07	1.41552e-07	1.43532e-07	1.44891e-07	1.45816e-07	1.46441e-07	1.46861e-07	1.47142e-07	1.47330e-07	1.47453e-07	1.47534e-07	1.47586e-07	1.47617e-07	1.47632e-07	1.47639e-07	1.47641e-07	1.47642e-07	1.47642e-07	1.47642e-07	1.47642e-07	1.47642e-07	1.47642e-07	1.47642e-07	1.47642e-07	1.47642e-07	1.47642e-07	1.47642e-07	1.47642e-07	1.47642e-07	1.47642e-07	1.47642e-07	1.47642e-07	1.47642e-07	1.47642e-07	1.47642e-07	1.47642e-07	1.47642e-07	1.47642e-07	1.47642e-07	1.47642e-07	1.47642e-07	1.47642e-07	1.47642e-07	1.47642e-07	1.47642e-07	1.47642e-07	1.47642e-07	1.47642e-07	1.47642e-07	1.47642e-07	1.47642e-07	1.47642e-07	1.47642e-07	1.47642e-07	1.47642e-07	1.47642e-07	1.47642e-07	1.47642e-07	1.47642e-07	1.47642e-07	1.47642e-07	1.47642e-07	1.47642e-07	1.47642e-07	1.47642e-07	1.47642e-07
24.79	1.01315e-08	4.95521e-08	8.06402e-08	1.02826e-07	1.18823e-07	1.30521e-07	1.39086e-07	1.45302e-07	1.49750e-07	1.52886e-07	1.55066e-07	1.56565e-07	1.57584e-07	1.58272e-07	1.58734e-07	1.59043e-07	1.59249e-07	1.59386e-07	1.59476e-07	1.59534e-07	1.59570e-07	1.59590e-07	1.59599e-07	1.59603e-07	1.59605e-07	1.59605e-07	1.59605e-07	1.59605e-07	1.59605e-07	1.59605e-07	1.59605e-07	1.59605e-07	1.59605e-07	1.59605e-07	1.59605e-07	1.59605e-07	1.59605e-07	1.59605e-07	1.59605e-07	1.59605e-07	1.59605e-07	1.59605e-07	1.59605e-07	1.59605e-07	1.59605e-07	1.59605e-07	1.59605e-07	1.59605e-07	1.59605e-07	1.59605e-07	1.59605e-07	1.59605e-07	1.59605e-07	1.59605e-07	1.59605e-07	1.59605e-07	1.59605e-07	1.59605e-07	1.59605e-07	1.59605e-07	1.59605e-07	1.59605e-07	1.59605e-07	1.59605e-07	1.59605e-07	1.59605e-07	1.59605e-07	1.59605e-07	1.59605e-07	1.59605e-07	1.59605e-07	1.59605e-07	1.59605e-07	1.59605e-07
24.85	1.07652e-08	5.28252e-08	8.61882e-08	1.10125e-07	1.27466e-07	1.40200e-07	1.49556e-07	1.56365e-07	1.61249e-07	1.64699e-07	1.67100e-07	1.68751e-07	1.69874e-07	1.70632e-07	1.71141e-07	1.71481e-07	1.71707e-07	1.71858e-07	1.71957e-07	1.72022e-07	1.72063e-07	1.72087e-07	1.72100e-07	1.72106e-07	1.72108e-07	1.72109e-07	1.72109e-07	1.72109e-07	1.72109e-07	1.72109e-07	1.72109e-07	1.72109e-07	1.72109e-07	1.72109e-07	1.72109e-07	1.72109e-07	1.72109e-07	1.72109e-07	1.72109e-07	1.72109e-07	1.72109e-07	1.72109e-07	1.72109e-07	1.72109e-07	1.72109e-07	1.72109e-07	1.72109e-07	1.72109e-07	1.72109e-07	1.72109e-07	1.72109e-07	1.72109e-07	1.72109e-07	1.72109e-07	1.72109e-07	1.72109e-07	1.72109e-07	1.72109e-07	1.72109e-07	1.72109e-07	1.72109e-07	1.72109e-07	1.72109e-07	1.72109e-07	1.72109e-07	1.72109e-07	1.72109e-07	1.72109e-07	1.72109e-07	1.72109e-07	1.72109e-07	1.72109e-07	1.72109e-07	1.72109e-07
24.91	1.13959e-08	5.61143e-08	9.18049e-08	1.17557e-07	1.36309e-07	1.50139e-07	1.60340e-07	1.67788e-07	1.73144e-07	1.76935e-07	1.79578e-07	1.81397e-07	1.82635e-07	1.83470e-07	1.84031e-07	1.84405e-07	1.84654e-07	1.84819e-07	1.84928e-07	1.85000e-07	1.85046e-07	1.85075e-07	1.85091e-07	1.85099e-07	1.85102e-07	1.85104e-07	1.85104e-07	1.85104e-07	1.85104e-07	1.85104e-07	1.85104e-07	1.85104e-07	1.85104e-07	1.85104e-07	1.85104e-07	1.85104e-07	1.85104e-07	1.85104e-07	1.85104e-07	1.85104e-07	1.85104e-07	1.85104e-07	1.85104e-07	1.85104e-07	1.85104e-07	1.85104e-07	1.85104e-07	1.85104e-07	1.85104e-07	1.85104e-07	1.85104e-07	1.85104e-07	1.85104e-07	1.85104e-07	1.85104e-07	1.85104e-07	1.85104e-07	1.85104e-07	1.85104e-07	1.85104e-07	1.85104e-07	1.85104e-07	1.85104e-07	1.85104e-07	1.85104e-07	1.85104e-07	1.85104e-07	1.85104e-07	1.85104e-07	1.85104e-07	1.85104e-07	1.85104e-07	1.85104e-07	1.85104e-07
24.97	1.20162e-08	5.93855e-08	9.74371e-08	1.25058e-07	1.45280e-07	1.60266e-07	1.71366e-07	1.79499e-07	1.85365e-07	1.89527e-07	1.92434e-07	1.94436e-07	1.95800e-07	1.96721e-07	1.97338e-07	1.97750e-07	1.98024e-07	1.98206e-07	1.98326e-07	1.98405e-07	1.98457e-07	1.98489e-07	1.98509e-07	1.98520e-07	1.98524e-07	1.98526e-07	1.98527e-07	1.98527e-07	1.98527e-07	1.98527e-07	1.98527e-07	1.98527e-07	1.98527e-07	1.98527e-07	1.98527e-07	1.98527e-07	1.98527e-07	1.98527e-07	1.98527e-07	1.98527e-07	1.98527e-07	1.98527e-07	1.98527e-07	1.98527e-07	1.98527e-07	1.98527e-07	1.98527e-07	1.98527e-07	1.98527e-07	1.98527e-07	1.98527e-07	1.98527e-07	1.98527e-07	1.98527e-07	1.98527e-07	1.98527e-07	1.98527e-07	1.98527e-07	1.98527e-07	1.98527e-07	1.98527e-07	1.98527e-07	1.98527e-07	1.98527e-07	1.98527e-07	1.98527e-07	1.98527e-07	1.98527e-07	1.98527e-07	1.98527e-07	1.98527e-07	1.98527e-07	1.98527e-07	1.98527e-07
25.03	1.26184e-08	6.26006e-08	1.03025e-07	1.32556e-07	1.54300e-07	1.70497e-07	1.82548e-07	1.91412e-07	1.97828e-07	2.02391e-07	2.05585e-07	2.07788e-07	2.09291e-07	2.10306e-07	2.10986e-07	2.11439e-07	2.11741e-07	2.11941e-07	2.12073e-07	2.12160e-07	2.12217e-07	2.12254e-07	2.12277e-07	2.12290e-07	2.12297e-07	2.12299e-07	2.12300e-07	2.12301e-07	2.12301e-07	2.12301e-07	2.12301e-07	2.12301e-07	2.12301e-07	2.12301e-07	2.12301e-07	2.12301e-07	2.12301e-07	2.12301e-07	2.12301e-07	2.12301e-07	2.12301e-07	2.12301e-07	2.12301e-07	2.12301e-07	2.12301e-07	2.12301e-07	2.12301e-07	2.12301e-07	2.12301e-07	2.12301e-07	2.12301e-07	2.12301e-07	2.12301e-07	2.12301e-07	2.12301e-07	2.12301e-07	2.12301e-07	2.12301e-07	2.12301e-07	2.12301e-07	2.12301e-07	2.12301e-07	2.12301e-07	2.12301e-07	2.12301e-07	2.12301e-07	2.12301e-07	2.12301e-07	2.12301e-07	2.12301e-07	2.12301e-07	2.12301e-07	2.12301e-07	2.12301e-07
25.09	1.31941e-08	6.57192e-08	1.08505e-07	1.39969e-07	1.63279e-07	1.80737e-07	1.93789e-07	2.03430e-07	2.10434e-07	2.15430e-07	2.18936e-07	2.21359e-07	2.23013e-07	2.24131e-07	2.24881e-07	2.25380e-07	2.25712e-07	2.25932e-07	2.26077e-07	2.26173e-07	2.26236e-07	2.26277e-07	2.26303e-07	2.26319e-07	2.26328e-07	2.26332e-07	2.26333e-07	2.26334e-07	2.26334e-07	2.26334e-07	2.26334e-07	2.26334e-07	2.26334e-07	2.26334e-07	2.26334e-07	2.26334e-07	2.26334e-07	2.26334e-07	2.26334e-07	2.26334e-07	2.26334e-07	2.26334e-07	2.26334e-07	2.26334e-07	2.26334e-07	2.26334e-07	2.26334e-07	2.26334e-07	2.26334e-07	2.26334e-07	2.26334e-07	2.26334e-07	2.26334e-07	2.26334e-07	2.26334e-07	2.26334e-07	2.26334e-07	2.26334e-07	2.26334e-07	2.26334e-07	2.26334e-07	2.26334e-07	2.26334e-07	2.26334e-07	2.26334e-07	2.26334e-07	2.26334e-07	2.26334e-07	2.26334e-07	2.26334e-07	2.26334e-07	2.26334e-07	2.26334e-07	2.26334e-07
25.15	1.37343e-08	6.86976e-08	1.13804e-07	1.47209e-07	1.72115e-07	1.90878e-07	2.04978e-07	2.15441e-07	2.23071e-07	2.28534e-07	2.32376e-07	2.35038e-07	2.36859e-07	2.38090e-07	2.38916e-07	2.39467e-07	2.39832e-07	2.40074e-07	2.40234e-07	2.40339e-07	2.40409e-07	2.40454e-07	2.40483e-07	2.40502e-07	2.40513e-07	2.40518e-07	2.40520e-07	2.40521e-07	2.40521e-07	2.40521e-07	2.40521e-07	2.40521e-07	2.40521e-07	2.40521e-07	2.40521e-07	2.40521e-07	2.40521e-07	2.40521e-07	2.40521e-07	2.40521e-07	2.40521e-07	2.40521e-07	2.40521e-07	2.40521e-07	2.40521e-07	2.40521e-07	2.40521e-07	2.40521e-07	2.40521e-07	2.40521e-07	2.40521e-07	2.40521e-07	2.40521e-07	2.40521e-07	2.40521e-07	2.40521e-07	2.40521e-07	2.40521e-07	2.40521e-07	2.40521e-07	2.40521e-07	2.40521e-07	2.40521e-07	2.40521e-07	2.40521e-07	2.40521e-07	2.40521e-07	2.40521e-07	2.40521e-07	2.40521e-07	2.40521e-07	2.40521e-07	2.40521e-07	2.40521e-07
25.21	1.42304e-08	7.14901e-08	1.18849e-07	1.54180e-07	1.80701e-07	2.00803e-07	2.15993e-07	2.27320e-07	2.35616e-07	2.41577e-07	2.45783e-07	2.48705e-07	2.50706e-07	2.52061e-07	2.52972e-07	2.53578e-07	2.53981e-07	2.54247e-07	2.54423e-07	2.54539e-07	2.54615e-07	2.54666e-07	2.54698e-07	2.54719e-07	2.54732e-07	2.54739e-07	2.54742e-07	2.54743e-07	2.54744e-07	2.54744e-07	2.54744e-07	2.54744e-07	2.54744e-07	2.54744e-07	2.54744e-07	2.54744e-07	2.54744e-07	2.54744e-07	2.54744e-07	2.54744e-07	2.54744e-07	2.54744e-07	2.54744e-07	2.54744e-07	2.54744e-07	2.54744e-07	2.54744e-07	2.54744e-07	2.54744e-07	2.54744e-07	2.54744e-07	2.54744e-07	2.54744e-07	2.54744e-07	2.54744e-07	2.54744e-07	2.54744e-07	2.54744e-07	2.54744e-07	2.54744e-07	2.54744e-07	2.54744e-07	2.54744e-07	2.54744e-07	2.54744e-07	2.54744e-07	2.54744e-07	2.54744e-07	2.54744e-07	2.54744e-07	2.54744e-07	2.54744e-07	2.54744e-07	2.54744e-07
25.27	1.46732e-08	7.40507e-08	1.23561e-07	1.60781e-07	1.88920e-07	2.10386e-07	2.26702e-07	2.38933e-07	2.47932e-07	2.54424e-07	2.59021e-07	2.62223e-07	2.64421e-07	2.65912e-07	2.66915e-07	2.67584e-07	2.68027e-07	2.68321e-07	2.68514e-07	2.68642e-07	2.68725e-07	2.68781e-07	2.68817e-07	2.68840e-07	2.68855e-07	2.68863e-07	2.68868e-07	2.68869e-07	2.68870e-07	2.68870e-07	2.68870e-07	2.68870e-07	2.68870e-07	2.68870e-07	2.68870e-07	2.68870e-07	2.68870e-07	2.68870e-07	2.68870e-07	2.68870e-07	2.68870e-07	2.68870e-07	2.68870e-07	2.68870e-07	2.68870e-07	2.68870e-07	2.68870e-07	2.68870e-07	2.68870e-07	2.68870e-07	2.68870e-07	2.68870e-07	2.68870e-07	2.68870e-07	2.68870e-07	2.68870e-07	2.68870e-07	2.68870e-07	2.68870e-07	2.68870e-07	2.68870e-07	2.68870e-07	2.68870e-07	2.68870e-07	2.68870e-07	2.68870e-07	2.68870e-07	2.68870e-07	2.68870e-07	2.68870e-07	2.68870e-07	2.68870e-07	2.68870e-07	2.68870e-07
25.33	1.50542e-08	7.63331e-08	1.27861e-07	1.66910e-07	1.96651e-07	2.19495e-07	2.36965e-07	2.50135e-07	2.59873e-07	2.66929e-07	2.71944e-07	2.75447e-07	2.77859e-07	2.79498e-07	2.80601e-07	2.81338e-07	2.81827e-07	2.82150e-07	2.82363e-07	2.82504e-07	2.82596e-07	2.82657e-07	2.82696e-07	2.82722e-07	2.82739e-07	2.82749e-07	2.82755e-07	2.82757e-07	2.82758e-07	2.82759e-07	2.82759e-07	2.82759e-07	2.82759e-07	2.82759e-07	2.82759e-07	2.82759e-07	2.82759e-07	2.82759e-07	2.82759e-07	2.82759e-07	2.82759e-07	2.82759e-07	2.82759e-07	2.82759e-07	2.82759e-07	2.82759e-07	2.82759e-07	2.82759e-07	2.82759e-07	2.82759e-07	2.82759e-07	2.82759e-07	2.82759e-07	2.82759e-07	2.82759e-07	2.82759e-07	2.82759e-07	2.82759e-07	2.82759e-07	2.82759e-07	2.82759e-07	2.82759e-07	2.82759e-07	2.82759e-07	2.82759e-07	2.82759e-07	2.82759e-07	2.82759e-07	2.82759e-07	2.82759e-07	2.82759e-07	2.82759e-07	2.82759e-07	2.82759e-07
25.39	1.53647e-08	7.82924e-08	1.31671e-07	1.72462e-07	2.03771e-07	2.27992e-07	2.46637e-07	2.60775e-07	2.71285e-07	2.78935e-07	2.84395e-07	2.88223e-07	2.90865e-07	2.92665e-07	2.93879e-07	2.94690e-07	2.95229e-07	2.95585e-07	2.95820e-07	2.95974e-07	2.96076e-07	2.96143e-07	2.96186e-07	2.96215e-07	2.96233e-07	2.96245e-07	2.96252e-07	2.96256e-07	2.96257e-07	2.96258e-07	2.96258e-07	2.96258e-07	2.96258e-07	2.96258e-07	2.96258e-07	2.96258e-07	2.96258e-07	2.96258e-07	2.96258e-07	2.96258e-07	2.96258e-07	2.96258e-07	2.96258e-07	2.96258e-07	2.96258e-07	2.96258e-07	2.96258e-07	2.96258e-07	2.96258e-07	2.96258e-07	2.96258e-07	2.96258e-07	2.96258e-07	2.96258e-07	2.96258e-07	2.96258e-07	2.96258e-07	2.96258e-07	2.96258e-07	2.96258e-07	2.96258e-07	2.96258e-07	2.96258e-07	2.96258e-07	2.96258e-07	2.96258e-07	2.96258e-07	2.96258e-07	2.96258e-07	2.96258e-07	2.96258e-07	2.96258e-07	2.96258e-07	2.96258e-07
25.45	1.55982e-08	7.98863e-08	1.34916e-07	1.77335e-07	2.10157e-07	2.35739e-07	2.55568e-07	2.70698e-07	2.82008e-07	2.90283e-07	2.96214e-07	3.00388e-07	3.03279e-07	3.05254e-07	3.06588e-07	3.07481e-07	3.08074e-07	3.08467e-07	3.08725e-07	3.08895e-07	3.09007e-07	3.09080e-07	3.09129e-07	3.09160e-07	3.09181e-07	3.09194e-07	3.09202e-07	3.09206e-07	3.09209e-07	3.09209e-07	3.09210e-07	3.09210e-07	3.09210e-07	3.09210e-07	3.09210e-07	3.09210e-07	3.09210e-07	3.09210e-07	3.09210e-07	3.09210e-07	3.09210e-07	3.09210e-07	3.09210e-07	3.09210e-07	3.09210e-07	3.09210e-07	3.09210e-07	3.09210e-07	3.09210e-07	3.09210e-07	3.09210e-07	3.09210e-07	3.09210e-07	3.09210e-07	3.09210e-07	3.09210e-07	3.09210e-07	3.09210e-07	3.09210e-07	3.09210e-07	3.09210e-07	3.09210e-07	3.09210e-07	3.09210e-07	3.09210e-07	3.09210e-07	3.09210e-07	3.09210e-07	3.09210e-07	3.09210e-07	3.09210e-07	3.09210e-07	3.09210e-07	3.09210e-07
25.51	1.57473e-08	8.10765e-08	1.37524e-07	1.81429e-07	2.15690e-07	2.42601e-07	2.63610e-07	2.79747e-07	2.91882e-07	3.00808e-07	3.07237e-07	3.11780e-07	3.14937e-07	3.17100e-07	3.18565e-07	3.19547e-07	3.20200e-07	3.20633e-07	3.20918e-07	3.21105e-07	3.21228e-07	3.21309e-07	3.21362e-07	3.21396e-07	3.21419e-07	3.21434e-07	3.21443e-07	3.21448e-07	3.21451e-07	3.21453e-07	3.21453e-07	3.21453e-07	3.21453e-07	3.21453e-07	3.21453e-07	3.21453e-07	3.21453e-07	3.21453e-07	3.21453e-07	3.21453e-07	3.21453e-07	3.21453e-07	3.21453e-07	3.21453e-07	3.21453e-07	3.21453e-07	3.21453e-07	3.21453e-07	3.21453e-07	3.21453e-07	3.21453e-07	3.21453e-07	3.21453e-07	3.21453e-07	3.21453e-07	3.21453e-07	3.21453e-07	3.21453e-07	3.21453e-07	3.21453e-07	3.21453e-07	3.21453e-07	3.21453e-07	3.21453e-07	3.21453e-07	3.21453e-07	3.21453e-07	3.21453e-07	3.21453e-07	3.21453e-07	3.21453e-07	3.21453e-07	3.21453e-07	3.21453e-07
25.57	1.58075e-08	8.18302e-08	1.39433e-07	1.84655e-07	2.20254e-07	2.48445e-07	2.70620e-07	2.87770e-07	3.00748e-07	3.10349e-07	3.17299e-07	3.22232e-07	3.25674e-07	3.28039e-07	3.29646e-07	3.30725e-07	3.31444e-07	3.31921e-07	3.32235e-07	3.32441e-07	3.32577e-07	3.32665e-07	3.32723e-07	3.32762e-07	3.32786e-07	3.32803e-07	3.32813e-07	3.32820e-07	3.32823e-07	3.32825e-07	3.32826e-07	3.32826e-07	3.32826e-07	3.32826e-07	3.32826e-07	3.32826e-07	3.32826e-07	3.32826e-07	3.32826e-07	3.32826e-07	3.32826e-07	3.32826e-07	3.32826e-07	3.32826e-07	3.32826e-07	3.32826e-07	3.32826e-07	3.32826e-07	3.32826e-07	3.32826e-07	3.32826e-07	3.32826e-07	3.32826e-07	3.32826e-07	3.32826e-07	3.32826e-07	3.32826e-07	3.32826e-07	3.32826e-07	3.32826e-07	3.32826e-07	3.32826e-07	3.32826e-07	3.32826e-07	3.32826e-07	3.32826e-07	3.32826e-07	3.32826e-07	3.32826e-07	3.32826e-07	3.32826e-07	3.32826e-07	3.32826e-07	3.32826e-07
25.64	1.57747e-08	8.21207e-08	1.40587e-07	1.86933e-07	2.23747e-07	2.53150e-07	2.76460e-07	2.94619e-07	3.08452e-07	3.18747e-07	3.26240e-07	3.31585e-07	3.35329e-07	3.37912e-07	3.39671e-07	3.40855e-07	3.41647e-07	3.42171e-07	3.42517e-07	3.42745e-07	3.42894e-07	3.42991e-07	3.43055e-07	3.43097e-07	3.43125e-07	3.43143e-07	3.43154e-07	3.43162e-07	3.43166e-07	3.43169e-07	3.43170e-07	3.43170e-07	3.43170e-07	3.43170e-07	3.43170e-07	3.43170e-07	3.43170e-07	3.43170e-07	3.43170e-07	3.43170e-07	3.43170e-07	3.43170e-07	3.43170e-07	3.43170e-07	3.43170e-07	3.43170e-07	3.43170e-07	3.43170e-07	3.43170e-07	3.43170e-07	3.43170e-07	3.43170e-07	3.43170e-07	3.43170e-07	3.43170e-07	3.43170e-07	3.43170e-07	3.43170e-07	3.43170e-07	3.43170e-07	3.43170e-07	3.43170e-07	3.43170e-07	3.43170e-07	3.43170e-07	3.43170e-07	3.43170e-07	3.43170e-07	3.43170e-07	3.43170e-07	3.43170e-07	3.43170e-07	3.43170e-07	3.43170e-07
25.70	1.56471e-08	8.19296e-08	1.40945e-07	1.88194e-07	2.26080e-07	2.56606e-07	2.81005e-07	3.00158e-07	3.14850e-07	3.25854e-07	3.33909e-07	3.39684e-07	3.43748e-07	3.46563e-07	3.48486e-07	3.49785e-07	3.50655e-07	3.51232e-07	3.51613e-07	3.51864e-07	3.52028e-07	3.52135e-07	3.52206e-07	3.52252e-07	3.52282e-07	3.52302e-07	3.52315e-07	3.52323e-07	3.52328e-07	3.52331e-07	3.52333e-07	3.52333e-07	3.52333e-07	3.52334e-07	3.52334e-07	3.52334e-07	3.52334e-07	3.52334e-07	3.52334e-07	3.52334e-07	3.52334e-07	3.52334e-07	3.52334e-07	3.52334e-07	3.52334e-07	3.52334e-07	3.52334e-07	3.52334e-07	3.52334e-07	3.52334e-07	3.52334e-07	3.52334e-07	3.52334e-07	3.52334e-07	3.52334e-07	3.52334e-07	3.52334e-07	3.52334e-07	3.52334e-07	3.52334e-07	3.52334e-07	3.52334e-07	3.52334e-07	3.52334e-07	3.52334e-07	3.52334e-07	3.52334e-07	3.52334e-07	3.52334e-07	3.52334e-07	3.52334e-07	3.52334e-07	3.52334e-07	3.52334e-07
25.76	1.54243e-08	8.12467e-08	1.40476e-07	1.88387e-07	2.27179e-07	2.58721e-07	2.84148e-07	3.04266e-07	3.19812e-07	3.31534e-07	3.40166e-07	3.46389e-07	3.50790e-07	3.53851e-07	3.55950e-07	3.57372e-07	3.58326e-07	3.58961e-07	3.59381e-07	3.59657e-07	3.59838e-07	3.59956e-07	3.60034e-07	3.60085e-07	3.60118e-07	3.60139e-07	3.60154e-07	3.60163e-07	3.60169e-07	3.60172e-07	3.60174e-07	3.60175e-07	3.60175e-07	3.60176e-07	3.60176e-07	3.60176e-07	3.60176e-07	3.60176e-07	3.60176e-07	3.60176e-07	3.60176e-07	3.60176e-07	3.60176e-07	3.60176e-07	3.60176e-07	3.60176e-07	3.60176e-07	3.60176e-07	3.60176e-07	3.60176e-07	3.60176e-07	3.60176e-07	3.60176e-07	3.60176e-07	3.60176e-07	3.60176e-07	3.60176e-07	3.60176e-07	3.60176e-07	3.60176e-07	3.60176e-07	3.60176e-07	3.60176e-07	3.60176e-07	3.60176e-07	3.60176e-07	3.60176e-07	3.60176e-07	3.60176e-07	3.60176e-07	3.60176e-07	3.60176e-07	3.60176e-07	3.60176e-07
25.82	1.51082e-08	8.00714e-08	1.39168e-07	1.87480e-07	2.26991e-07	2.59423e-07	2.85799e-07	3.06840e-07	3.23225e-07	3.35666e-07	3.44888e-07	3.51574e-07	3.56327e-07	3.59648e-07	3.61935e-07	3.63489e-07	3.64535e-07	3.65232e-07	3.65694e-07	3.65998e-07	3.66197e-07	3.66328e-07	3.66413e-07	3.66469e-07	3.66506e-07	3.66530e-07	3.66545e-07	3.66555e-07	3.66562e-07	3.66566e-07	3.66568e-07	3.66570e-07	3.66570e-07	3.66570e-07	3.66570e-07	3.66570e-07	3.66570e-07	3.66570e-07	3.66570e-07	3.66570e-07	3.66570e-07	3.66570e-07	3.66570e-07	3.66570e-07	3.66570e-07	3.66570e-07	3.66570e-07	3.66570e-07	3.66570e-07	3.66570e-07	3.66570e-07	3.66570e-07	3.66570e-07	3.66570e-07	3.66570e-07	3.66570e-07	3.66570e-07	3.66570e-07	3.66570e-07	3.66570e-07	3.66570e-07	3.66570e-07	3.66570e-07	3.66570e-07	3.66570e-07	3.66570e-07	3.66570e-07	3.66570e-07	3.66570e-07	3.66570e-07	3.66570e-07	3.66570e-07	3.66570e-07	3.66570e-07
25.88	1.47022e-08	7.84129e-08	1.37022e-07	1.85459e-07	2.25485e-07	2.58661e-07	2.85891e-07	3.07801e-07	3.24999e-07	3.38153e-07	3.47970e-07	3.55131e-07	3.60250e-07	3.63845e-07	3.66331e-07	3.68027e-07	3.69171e-07	3.69936e-07	3.70444e-07	3.70779e-07	3.70999e-07	3.71143e-07	3.71237e-07	3.71298e-07	3.71338e-07	3.71365e-07	3.71382e-07	3.71393e-07	3.71400e-07	3.71405e-07	3.71408e-07	3.71409e-07	3.71410e-07	3.71410e-07	3.71410e-07	3.71410e-07	3.71410e-07	3.71410e-07	3.71410e-07	3.71410e-07	3.71410e-07	3.71410e-07	3.71410e-07	3.71410e-07	3.71410e-07	3.71410e-07	3.71410e-07	3.71410e-07	3.71410e-07	3.71410e-07	3.71410e-07	3.71410e-07	3.71410e-07	3.71410e-07	3.71410e-07	3.71410e-07	3.71410e-07	3.71410e-07	3.71410e-07	3.71410e-07	3.71410e-07	3.71410e-07	3.71410e-07	3.71410e-07	3.71410e-07	3.71410e-07	3.71410e-07	3.71410e-07	3.71410e-07	3.71410e-07	3.71410e-07	3.71410e-07	3.71410e-07	3.71410e-07
25.94	1.42120e-08	7.62902e-08	1.34056e-07	1.82332e-07	2.22653e-07	2.56412e-07	2.84385e-07	3.07094e-07	3.25066e-07	3.38921e-07	3.49333e-07	3.56978e-07	3.62475e-07	3.66356e-07	3.69052e-07	3.70899e-07	3.72149e-07	3.72987e-07	3.73545e-07	3.73913e-07	3.74155e-07	3.74314e-07	3.74417e-07	3.74485e-07	3.74529e-07	3.74558e-07	3.74577e-07	3.74589e-07	3.74598e-07	3.74603e-07	3.74606e-07	3.74608e-07	3.74609e-07	3.74609e-07	3.74609e-07	3.74610e-07	3.74610e-07	3.74610e-07	3.74610e-07	3.74610e-07	3.74610e-07	3.74610e-07	3.74610e-07	3.74610e-07	3.74610e-07	3.74610e-07	3.74610e-07	3.74610e-07	3.74610e-07	3.74610e-07	3.74610e-07	3.74610e-07	3.74610e-07	3.74610e-07	3.74610e-07	3.74610e-07	3.74610e-07	3.74610e-07	3.74610e-07	3.74610e-07	3.74610e-07	3.74610e-07	3.74610e-07	3.74610e-07	3.74610e-07	3.74610e-07	3.74610e-07	3.74610e-07	3.74610e-07	3.74610e-07	3.74610e-07	3.74610e-07	3.74610e-07	3.74610e-07
26.00	1.36446e-08	7.37320e-08	1.30305e-07	1.78130e-07	2.18514e-07	2.52679e-07	2.81268e-07	3.04691e-07	3.23390e-07	3.37920e-07	3.48922e-07	3.57055e-07	3.62940e-07	3.67117e-07	3.70034e-07	3.72041e-07	3.73405e-07	3.74322e-07	3.74933e-07	3.75338e-07	3.75605e-07	3.75780e-07	3.75894e-07	3.75968e-07	3.76017e-07	3.76049e-07	3.76070e-07	3.76083e-07	3.76092e-07	3.76098e-07	3.76101e-07	3.76104e-07	3.76105e-07	3.76106e-07	3.76106e-07	3.76106e-07	3.76106e-07	3.76106e-07	3.76106e-07	3.76106e-07	3.76106e-07	3.76106e-07	3.76106e-07	3.76106e-07	3.76106e-07	3.76106e-07	3.76106e-07	3.76106e-07	3.76106e-07	3.76106e-07	3.76106e-07	3.76106e-07	3.76106e-07	3.76106e-07	3.76106e-07	3.76106e-07	3.76106e-07	3.76106e-07	3.76106e-07	3.76106e-07	3.76106e-07	3.76106e-07	3.76106e-07	3.76106e-07	3.76106e-07	3.76106e-07	3.76106e-07	3.76106e-07	3.76106e-07	3.76106e-07	3.76106e-07	3.76106e-07	3.76106e-07	3.76106e-07
