# NeutrinoPhotonNeutrinoDownPair interaction rates
# neutrino field: Cosmic Microwave Background, T_CMB = 2.72548 K
# Produced with crpropa-data version: b4d40dba332f6b1ad7c4075ede4da4da0e3840ac
# log10(E/eV), 1/lambda [1/Mpc]
14.37	0.0000000e+00
14.43	0.0000000e+00
14.49	0.0000000e+00
14.55	0.0000000e+00
14.61	0.0000000e+00
14.68	0.0000000e+00
14.74	0.0000000e+00
14.80	0.0000000e+00
14.86	0.0000000e+00
14.92	0.0000000e+00
14.98	0.0000000e+00
15.04	0.0000000e+00
15.10	0.0000000e+00
15.16	0.0000000e+00
15.22	0.0000000e+00
15.28	0.0000000e+00
15.34	0.0000000e+00
15.40	0.0000000e+00
15.46	0.0000000e+00
15.53	0.0000000e+00
15.59	0.0000000e+00
15.65	0.0000000e+00
15.71	0.0000000e+00
15.77	0.0000000e+00
15.83	0.0000000e+00
15.89	0.0000000e+00
15.95	0.0000000e+00
16.01	0.0000000e+00
16.07	0.0000000e+00
16.13	0.0000000e+00
16.19	0.0000000e+00
16.25	1.4373974e-265
16.31	9.6468347e-234
16.38	4.5593619e-206
16.44	5.2829865e-182
16.50	4.4399528e-161
16.56	6.9504229e-143
16.62	4.6020381e-127
16.68	2.6296687e-113
16.74	2.4108245e-101
16.80	6.0801427e-91
16.86	6.7416828e-82
16.92	4.9408042e-74
16.98	3.4120462e-67
17.04	3.0235003e-61
17.10	4.5018139e-56
17.16	1.4278486e-51
17.23	1.1918927e-47
17.29	3.1697005e-44
17.35	3.1893174e-41
17.41	1.4084256e-38
17.47	3.0741051e-36
17.53	3.6281202e-34
17.59	2.4831435e-32
17.65	1.0462504e-30
17.71	2.8660312e-29
17.77	5.3680739e-28
17.83	7.1971093e-27
17.89	7.1963036e-26
17.95	5.5643743e-25
18.01	3.4348366e-24
18.07	1.7405542e-23
18.14	7.4191434e-23
18.20	2.7175022e-22
18.26	8.7144694e-22
18.32	2.4869004e-21
18.38	6.4066072e-21
18.44	1.5086256e-20
18.50	3.2830088e-20
18.56	6.6659117e-20
18.62	1.2734542e-19
18.68	2.3058264e-19
18.74	3.9826603e-19
18.80	6.5986887e-19
18.86	1.0539225e-18
18.93	1.6296295e-18
18.99	2.4486603e-18
19.05	3.5872036e-18
19.11	5.1383541e-18
19.17	7.2149361e-18
19.23	9.9528725e-18
19.29	1.3515218e-17
19.35	1.8096992e-17
19.41	2.3930955e-17
19.47	3.1294498e-17
19.53	4.0517853e-17
19.59	5.1993834e-17
19.65	6.6189415e-17
19.71	8.3659421e-17
19.77	1.0506271e-16
19.84	1.3118122e-16
19.90	1.6294230e-16
19.96	2.0144498e-16
20.02	2.4799060e-16
20.08	3.0411875e-16
20.14	3.7164930e-16
20.20	4.5273182e-16
20.26	5.4990376e-16
20.32	6.6615933e-16
20.38	8.0503067e-16
20.44	9.7068328e-16
20.50	1.1680277e-15
20.56	1.4028500e-15
20.62	1.6819631e-15
20.69	2.0133851e-15
20.75	2.4065451e-15
20.81	2.8725268e-15
20.87	3.4243511e-15
20.93	4.0773086e-15
20.99	4.8493477e-15
21.05	5.7615284e-15
21.11	6.8385543e-15
21.17	8.1093946e-15
21.23	9.6080121e-15
21.29	1.1374209e-14
21.35	1.3454608e-14
21.41	1.5903784e-14
21.48	1.8785576e-14
21.54	2.2174623e-14
21.60	2.6158148e-14
21.66	3.0838065e-14
21.72	3.6333418e-14
21.78	4.2783235e-14
21.84	5.0349815e-14
21.90	5.9222542e-14
21.96	6.9622294e-14
22.02	8.1806532e-14
22.08	9.6075203e-14
22.14	1.1277755e-13
22.20	1.3231999e-13
22.26	1.5517520e-13
22.32	1.8189269e-13
22.39	2.1311093e-13
22.45	2.4957137e-13
22.51	2.9213444e-13
22.57	3.4179780e-13
22.63	3.9971691e-13
22.69	4.6722839e-13
22.75	5.4587631e-13
22.81	6.3744188e-13
22.87	7.4397649e-13
22.93	8.6783857e-13
22.99	1.0117341e-12
23.05	1.1787609e-12
23.11	1.3724569e-12
23.18	1.5968514e-12
23.24	1.8565201e-12
23.30	2.1566403e-12
23.36	2.5030473e-12
23.42	2.9022874e-12
23.48	3.3616662e-12
23.54	3.8892916e-12
23.60	4.4941056e-12
23.66	5.1859040e-12
23.72	5.9753360e-12
23.78	6.8738781e-12
23.84	7.8937778e-12
23.90	9.0479647e-12
23.96	1.0349931e-11
24.02	1.1813581e-11
24.09	1.3453041e-11
24.15	1.5282437e-11
24.21	1.7315630e-11
24.27	1.9565919e-11
24.33	2.2045727e-11
24.39	2.4766259e-11
24.45	2.7737157e-11
24.51	3.0966131e-11
24.57	3.4458634e-11
24.63	3.8217585e-11
24.69	4.2243204e-11
24.75	4.6532937e-11
24.81	5.1081444e-11
24.88	5.5880591e-11
24.94	6.0919459e-11
25.00	6.6184388e-11
25.06	7.1659111e-11
25.12	7.7325011e-11
25.18	8.3161521e-11
25.24	8.9146596e-11
25.30	9.5257202e-11
25.36	1.0146970e-10
25.42	1.0776006e-10
25.48	1.1410398e-10
25.54	1.2047695e-10
25.60	1.2685443e-10
25.66	1.3321217e-10
25.73	1.3952662e-10
25.79	1.4577529e-10
25.85	1.5193716e-10
25.91	1.5799280e-10
25.97	1.6392471e-10
26.03	1.6971746e-10
26.09	1.7535796e-10
26.15	1.8083546e-10
26.21	1.8614142e-10
26.27	1.9126910e-10
26.33	1.9621315e-10
26.39	2.0096941e-10
26.45	2.0553474e-10
26.51	2.0990699e-10
26.57	2.1408495e-10
26.64	2.1806819e-10
26.70	2.2185703e-10
26.76	2.2545249e-10
26.82	2.2885647e-10
26.88	2.3207181e-10
26.94	2.3510220e-10
27.00	2.3795191e-10
