# NeutrinoElPhotonUpDown interaction rates
# neutrino field: Cosmic Microwave Background, T_CMB = 2.72548 K
# Produced with crpropa-data version: b4d40dba332f6b1ad7c4075ede4da4da0e3840ac
# log10(E/eV), 1/lambda [1/Mpc]
14.19	0.0000000e+00
14.25	0.0000000e+00
14.31	0.0000000e+00
14.37	0.0000000e+00
14.43	0.0000000e+00
14.49	0.0000000e+00
14.55	0.0000000e+00
14.61	0.0000000e+00
14.68	0.0000000e+00
14.74	0.0000000e+00
14.80	0.0000000e+00
14.86	0.0000000e+00
14.92	0.0000000e+00
14.98	0.0000000e+00
15.04	0.0000000e+00
15.10	0.0000000e+00
15.16	0.0000000e+00
15.22	0.0000000e+00
15.28	0.0000000e+00
15.34	0.0000000e+00
15.40	0.0000000e+00
15.46	0.0000000e+00
15.53	0.0000000e+00
15.59	0.0000000e+00
15.65	0.0000000e+00
15.71	0.0000000e+00
15.77	0.0000000e+00
15.83	0.0000000e+00
15.89	0.0000000e+00
15.95	0.0000000e+00
16.01	0.0000000e+00
16.07	0.0000000e+00
16.13	0.0000000e+00
16.19	0.0000000e+00
16.25	1.0458572e-261
16.31	7.0190831e-230
16.38	3.3174135e-202
16.44	3.8439262e-178
16.50	3.2305309e-157
16.56	5.0571609e-139
16.62	3.3484649e-123
16.68	1.9133595e-109
16.74	1.7541274e-97
16.80	4.4239398e-87
16.86	4.9052657e-78
16.92	3.5948610e-70
16.98	2.4822208e-63
17.04	2.1981521e-57
17.10	3.2650030e-52
17.16	1.0277789e-47
17.23	8.4118892e-44
17.29	2.1418346e-40
17.35	1.9870849e-37
17.41	7.7205565e-35
17.47	1.4188534e-32
17.53	1.3694038e-30
17.59	7.5808606e-29
17.65	2.5900012e-27
17.71	5.8039258e-26
17.77	8.9813987e-25
17.83	1.0034631e-23
17.89	8.4182276e-23
17.95	5.4909032e-22
18.01	2.8725973e-21
18.07	1.2392015e-20
18.14	4.5178105e-20
18.20	1.4226206e-19
18.26	3.9442848e-19
18.32	9.7927142e-19
18.38	2.2096579e-18
18.44	4.5903944e-18
18.50	8.8789159e-18
18.56	1.6146499e-17
18.62	2.7838176e-17
18.68	4.5831302e-17
18.74	7.2493936e-17
18.80	1.1074488e-16
18.86	1.6411750e-16
18.93	2.3682963e-16
18.99	3.3386229e-16
19.05	4.6105023e-16
19.11	6.2518797e-16
19.17	8.3415535e-16
19.23	1.0970674e-15
19.29	1.4244531e-15
19.35	1.8284697e-15
19.41	2.3231564e-15
19.47	2.9247367e-15
19.53	3.6519757e-15
19.59	4.5266017e-15
19.65	5.5738044e-15
19.71	6.8228192e-15
19.77	8.3076113e-15
19.84	1.0067674e-14
19.90	1.2148955e-14
19.96	1.4604939e-14
20.02	1.7497897e-14
20.08	2.0900354e-14
20.14	2.4896788e-14
20.20	2.9585630e-14
20.26	3.5081586e-14
20.32	4.1518343e-14
20.38	4.9051679e-14
20.44	5.7863049e-14
20.50	6.8163724e-14
20.56	8.0199583e-14
20.62	9.4256707e-14
20.69	1.1066792e-13
20.75	1.2982042e-13
20.81	1.5216471e-13
20.87	1.7822496e-13
20.93	2.0861108e-13
20.99	2.4403272e-13
21.05	2.8531541e-13
21.11	3.3341936e-13
21.17	3.8946118e-13
21.23	4.5473916e-13
21.29	5.3076259e-13
21.35	6.1928597e-13
21.41	7.2234882e-13
21.48	8.4232225e-13
21.54	9.8196350e-13
21.60	1.1444796e-12
21.66	1.3336017e-12
21.72	1.5536711e-12
21.78	1.8097395e-12
21.84	2.1076853e-12
21.90	2.4543506e-12
21.96	2.8577011e-12
22.02	3.3270156e-12
22.08	3.8731065e-12
22.14	4.5085775e-12
22.20	5.2481242e-12
22.26	6.1088866e-12
22.32	7.1108652e-12
22.39	8.2774162e-12
22.45	9.6358448e-12
22.51	1.1218117e-11
22.57	1.3061719e-11
22.63	1.5210699e-11
22.69	1.7716936e-11
22.75	2.0641699e-11
22.81	2.4057568e-11
22.87	2.8050821e-11
22.93	3.2724441e-11
22.99	3.8201926e-11
23.05	4.4632201e-11
23.11	5.2196060e-11
23.18	6.1114776e-11
23.24	7.1661963e-11
23.30	8.4180411e-11
23.36	9.9106812e-11
23.42	1.1700966e-10
23.48	1.3865158e-10
23.54	1.6510862e-10
23.60	1.9807129e-10
23.66	2.4081556e-10
23.72	3.0137383e-10
23.78	4.0128334e-10
23.84	5.9433187e-10
23.90	9.9605173e-10
23.96	1.8140111e-09
24.02	3.3569625e-09
24.09	6.0004636e-09
24.15	1.0105004e-08
24.21	1.5910651e-08
24.27	2.3449643e-08
24.33	3.2512330e-08
24.39	4.2677235e-08
24.45	5.3389603e-08
24.51	6.4058526e-08
24.57	7.4143956e-08
24.63	8.3216029e-08
24.69	9.0982101e-08
24.75	9.7286348e-08
24.81	1.0209116e-07
24.88	1.0544972e-07
24.94	1.0747722e-07
25.00	1.0832515e-07
25.06	1.0816092e-07
25.12	1.0715327e-07
25.18	1.0546270e-07
25.24	1.0323597e-07
25.30	1.0060347e-07
25.36	9.7678615e-08
25.42	9.4558336e-08
25.48	9.1324250e-08
25.54	8.8044149e-08
25.60	8.4773553e-08
25.66	8.1557236e-08
25.73	7.8430632e-08
25.79	7.5421109e-08
25.85	7.2549095e-08
25.91	6.9829084e-08
25.97	6.7270541e-08
26.03	6.4878702e-08
26.09	6.2655286e-08
26.15	6.0599123e-08
26.21	5.8706695e-08
26.27	5.6972610e-08
26.33	5.5390023e-08
26.39	5.3951022e-08
26.45	5.2646973e-08
26.51	5.1468842e-08
26.57	5.0407479e-08
26.64	4.9453849e-08
26.70	4.8599205e-08
26.76	4.7835193e-08
26.82	4.7153901e-08
26.88	4.6547858e-08
26.94	4.6010015e-08
27.00	4.5533730e-08
