# EMElectronMuonPairProduction cumulative differential rate
# photon field: Universal Radio Background as measured by ARCADE2 D. J. Fixsen et al. ApJ 734 (2011) 5
# Produced with crpropa-data version: 6e626b569daf9d4e699ad3cbe04136073108f02d
# log10(E/eV), d(1/lambda)/ds_kin [1/Mpc/eV^2] for log10(s_kin/eV^2) as given in first row
0.00	1.67105e+01	1.68211e+01	1.69316e+01	1.70421e+01	1.71526e+01	1.72632e+01	1.73737e+01	1.74842e+01	1.75947e+01	1.77053e+01	1.78158e+01	1.79263e+01	1.80368e+01	1.81474e+01	1.82579e+01	1.83684e+01	1.84789e+01	1.85895e+01	1.87000e+01	1.88105e+01	1.89211e+01	1.90316e+01	1.91421e+01	1.92526e+01	1.93632e+01	1.94737e+01	1.95842e+01	1.96947e+01	1.98053e+01	1.99158e+01	2.00263e+01	2.01368e+01	2.02474e+01	2.03579e+01	2.04684e+01	2.05789e+01	2.06895e+01	2.08000e+01	2.09105e+01	2.10211e+01	2.11316e+01	2.12421e+01	2.13526e+01	2.14632e+01	2.15737e+01	2.16842e+01	2.17947e+01	2.19053e+01	2.20158e+01	2.21263e+01	2.22368e+01	2.23474e+01	2.24579e+01	2.25684e+01	2.26789e+01	2.27895e+01	2.29000e+01	2.30105e+01	2.31211e+01	2.32316e+01	2.33421e+01	2.34526e+01	2.35632e+01	2.36737e+01	2.37842e+01	2.38947e+01	2.40053e+01	2.41158e+01	2.42263e+01	2.43368e+01	2.44474e+01	2.45579e+01	2.46684e+01	2.47789e+01	2.48895e+01	2.50000e+01
20.48	6.28100e-11	6.28100e-11	6.28100e-11	6.28100e-11	6.28100e-11	6.28100e-11	6.28100e-11	6.28100e-11	6.28100e-11	6.28100e-11	6.28100e-11	6.28100e-11	6.28100e-11	6.28100e-11	6.28100e-11	6.28100e-11	6.28100e-11	6.28100e-11	6.28100e-11	6.28101e-11	6.28101e-11	6.28102e-11	6.28103e-11	6.28105e-11	6.28109e-11	6.28115e-11	6.28126e-11	6.28144e-11	6.28175e-11	6.28228e-11	6.28318e-11	6.28472e-11	6.28733e-11	6.29178e-11	6.29932e-11	6.31209e-11	6.33364e-11	6.36988e-11	6.43025e-11	6.43025e-11	6.43025e-11	6.43025e-11	6.43025e-11	6.43025e-11	6.43025e-11	6.43025e-11	6.43025e-11	6.43025e-11	6.43025e-11	6.43025e-11	6.43025e-11	6.43025e-11	6.43025e-11	6.43025e-11	6.43025e-11	6.43025e-11	6.43025e-11	6.43025e-11	6.43025e-11	6.43025e-11	6.43025e-11	6.43025e-11	6.43025e-11	6.43025e-11	6.43025e-11	6.43025e-11	6.43025e-11	6.43025e-11	6.43025e-11	6.43025e-11	6.43025e-11	6.43025e-11	6.43025e-11	6.43025e-11	6.43025e-11	6.43025e-11
20.54	4.21221e-10	8.84976e-10	8.84976e-10	8.84976e-10	8.84976e-10	8.84976e-10	8.84976e-10	8.84976e-10	8.84976e-10	8.84976e-10	8.84976e-10	8.84976e-10	8.84976e-10	8.84976e-10	8.84976e-10	8.84976e-10	8.84976e-10	8.84976e-10	8.84976e-10	8.84976e-10	8.84976e-10	8.84976e-10	8.84976e-10	8.84976e-10	8.84977e-10	8.84977e-10	8.84978e-10	8.84979e-10	8.84982e-10	8.84986e-10	8.84993e-10	8.85004e-10	8.85024e-10	8.85058e-10	8.85115e-10	8.85211e-10	8.85374e-10	8.85648e-10	8.86104e-10	8.86104e-10	8.86104e-10	8.86104e-10	8.86104e-10	8.86104e-10	8.86104e-10	8.86104e-10	8.86104e-10	8.86104e-10	8.86104e-10	8.86104e-10	8.86104e-10	8.86104e-10	8.86104e-10	8.86104e-10	8.86104e-10	8.86104e-10	8.86104e-10	8.86104e-10	8.86104e-10	8.86104e-10	8.86104e-10	8.86104e-10	8.86104e-10	8.86104e-10	8.86104e-10	8.86104e-10	8.86104e-10	8.86104e-10	8.86104e-10	8.86104e-10	8.86104e-10	8.86104e-10	8.86104e-10	8.86104e-10	8.86104e-10	8.86104e-10
20.60	6.32211e-10	3.93401e-09	3.93401e-09	3.93401e-09	3.93401e-09	3.93401e-09	3.93401e-09	3.93401e-09	3.93401e-09	3.93401e-09	3.93401e-09	3.93401e-09	3.93401e-09	3.93401e-09	3.93401e-09	3.93401e-09	3.93401e-09	3.93401e-09	3.93401e-09	3.93401e-09	3.93401e-09	3.93401e-09	3.93401e-09	3.93401e-09	3.93401e-09	3.93401e-09	3.93401e-09	3.93402e-09	3.93402e-09	3.93402e-09	3.93403e-09	3.93403e-09	3.93405e-09	3.93407e-09	3.93412e-09	3.93419e-09	3.93431e-09	3.93452e-09	3.93487e-09	3.93487e-09	3.93487e-09	3.93487e-09	3.93487e-09	3.93487e-09	3.93487e-09	3.93487e-09	3.93487e-09	3.93487e-09	3.93487e-09	3.93487e-09	3.93487e-09	3.93487e-09	3.93487e-09	3.93487e-09	3.93487e-09	3.93487e-09	3.93487e-09	3.93487e-09	3.93487e-09	3.93487e-09	3.93487e-09	3.93487e-09	3.93487e-09	3.93487e-09	3.93487e-09	3.93487e-09	3.93487e-09	3.93487e-09	3.93487e-09	3.93487e-09	3.93487e-09	3.93487e-09	3.93487e-09	3.93487e-09	3.93487e-09	3.93487e-09
20.66	7.17680e-10	7.75263e-09	1.04207e-08	1.04207e-08	1.04207e-08	1.04207e-08	1.04207e-08	1.04207e-08	1.04207e-08	1.04207e-08	1.04207e-08	1.04207e-08	1.04207e-08	1.04207e-08	1.04207e-08	1.04207e-08	1.04207e-08	1.04207e-08	1.04207e-08	1.04207e-08	1.04207e-08	1.04207e-08	1.04207e-08	1.04207e-08	1.04207e-08	1.04207e-08	1.04207e-08	1.04207e-08	1.04207e-08	1.04207e-08	1.04207e-08	1.04207e-08	1.04207e-08	1.04207e-08	1.04207e-08	1.04208e-08	1.04209e-08	1.04210e-08	1.04213e-08	1.04213e-08	1.04213e-08	1.04213e-08	1.04213e-08	1.04213e-08	1.04213e-08	1.04213e-08	1.04213e-08	1.04213e-08	1.04213e-08	1.04213e-08	1.04213e-08	1.04213e-08	1.04213e-08	1.04213e-08	1.04213e-08	1.04213e-08	1.04213e-08	1.04213e-08	1.04213e-08	1.04213e-08	1.04213e-08	1.04213e-08	1.04213e-08	1.04213e-08	1.04213e-08	1.04213e-08	1.04213e-08	1.04213e-08	1.04213e-08	1.04213e-08	1.04213e-08	1.04213e-08	1.04213e-08	1.04213e-08	1.04213e-08	1.04213e-08
20.72	7.25560e-10	9.53227e-09	2.14898e-08	2.15361e-08	2.15361e-08	2.15361e-08	2.15361e-08	2.15361e-08	2.15361e-08	2.15361e-08	2.15361e-08	2.15361e-08	2.15361e-08	2.15361e-08	2.15361e-08	2.15361e-08	2.15361e-08	2.15361e-08	2.15361e-08	2.15361e-08	2.15361e-08	2.15361e-08	2.15361e-08	2.15361e-08	2.15361e-08	2.15361e-08	2.15361e-08	2.15361e-08	2.15361e-08	2.15361e-08	2.15361e-08	2.15361e-08	2.15361e-08	2.15361e-08	2.15362e-08	2.15362e-08	2.15363e-08	2.15364e-08	2.15366e-08	2.15366e-08	2.15366e-08	2.15366e-08	2.15366e-08	2.15366e-08	2.15366e-08	2.15366e-08	2.15366e-08	2.15366e-08	2.15366e-08	2.15366e-08	2.15366e-08	2.15366e-08	2.15366e-08	2.15366e-08	2.15366e-08	2.15366e-08	2.15366e-08	2.15366e-08	2.15366e-08	2.15366e-08	2.15366e-08	2.15366e-08	2.15366e-08	2.15366e-08	2.15366e-08	2.15366e-08	2.15366e-08	2.15366e-08	2.15366e-08	2.15366e-08	2.15366e-08	2.15366e-08	2.15366e-08	2.15366e-08	2.15366e-08	2.15366e-08
20.78	6.88128e-10	1.00099e-08	3.04181e-08	3.82345e-08	3.82345e-08	3.82345e-08	3.82345e-08	3.82345e-08	3.82345e-08	3.82345e-08	3.82345e-08	3.82345e-08	3.82345e-08	3.82345e-08	3.82345e-08	3.82345e-08	3.82345e-08	3.82345e-08	3.82345e-08	3.82345e-08	3.82345e-08	3.82345e-08	3.82345e-08	3.82345e-08	3.82345e-08	3.82345e-08	3.82345e-08	3.82345e-08	3.82345e-08	3.82345e-08	3.82345e-08	3.82345e-08	3.82346e-08	3.82346e-08	3.82346e-08	3.82346e-08	3.82347e-08	3.82348e-08	3.82349e-08	3.82349e-08	3.82349e-08	3.82349e-08	3.82349e-08	3.82349e-08	3.82349e-08	3.82349e-08	3.82349e-08	3.82349e-08	3.82349e-08	3.82349e-08	3.82349e-08	3.82349e-08	3.82349e-08	3.82349e-08	3.82349e-08	3.82349e-08	3.82349e-08	3.82349e-08	3.82349e-08	3.82349e-08	3.82349e-08	3.82349e-08	3.82349e-08	3.82349e-08	3.82349e-08	3.82349e-08	3.82349e-08	3.82349e-08	3.82349e-08	3.82349e-08	3.82349e-08	3.82349e-08	3.82349e-08	3.82349e-08	3.82349e-08	3.82349e-08
20.84	6.26712e-10	9.70676e-09	3.38235e-08	6.02424e-08	6.10241e-08	6.10241e-08	6.10241e-08	6.10241e-08	6.10241e-08	6.10241e-08	6.10241e-08	6.10241e-08	6.10241e-08	6.10241e-08	6.10241e-08	6.10241e-08	6.10241e-08	6.10241e-08	6.10241e-08	6.10241e-08	6.10241e-08	6.10241e-08	6.10241e-08	6.10241e-08	6.10241e-08	6.10241e-08	6.10241e-08	6.10241e-08	6.10241e-08	6.10241e-08	6.10241e-08	6.10241e-08	6.10241e-08	6.10241e-08	6.10242e-08	6.10242e-08	6.10242e-08	6.10243e-08	6.10244e-08	6.10244e-08	6.10244e-08	6.10244e-08	6.10244e-08	6.10244e-08	6.10244e-08	6.10244e-08	6.10244e-08	6.10244e-08	6.10244e-08	6.10244e-08	6.10244e-08	6.10244e-08	6.10244e-08	6.10244e-08	6.10244e-08	6.10244e-08	6.10244e-08	6.10244e-08	6.10244e-08	6.10244e-08	6.10244e-08	6.10244e-08	6.10244e-08	6.10244e-08	6.10244e-08	6.10244e-08	6.10244e-08	6.10244e-08	6.10244e-08	6.10244e-08	6.10244e-08	6.10244e-08	6.10244e-08	6.10244e-08	6.10244e-08	6.10244e-08
20.90	5.55035e-10	8.97016e-09	3.38358e-08	7.35639e-08	9.02563e-08	9.02563e-08	9.02563e-08	9.02563e-08	9.02563e-08	9.02563e-08	9.02563e-08	9.02563e-08	9.02563e-08	9.02563e-08	9.02563e-08	9.02563e-08	9.02563e-08	9.02563e-08	9.02563e-08	9.02563e-08	9.02563e-08	9.02563e-08	9.02563e-08	9.02563e-08	9.02563e-08	9.02563e-08	9.02563e-08	9.02563e-08	9.02563e-08	9.02563e-08	9.02563e-08	9.02563e-08	9.02563e-08	9.02563e-08	9.02563e-08	9.02564e-08	9.02564e-08	9.02564e-08	9.02565e-08	9.02565e-08	9.02565e-08	9.02565e-08	9.02565e-08	9.02565e-08	9.02565e-08	9.02565e-08	9.02565e-08	9.02565e-08	9.02565e-08	9.02565e-08	9.02565e-08	9.02565e-08	9.02565e-08	9.02565e-08	9.02565e-08	9.02565e-08	9.02565e-08	9.02565e-08	9.02565e-08	9.02565e-08	9.02565e-08	9.02565e-08	9.02565e-08	9.02565e-08	9.02565e-08	9.02565e-08	9.02565e-08	9.02565e-08	9.02565e-08	9.02565e-08	9.02565e-08	9.02565e-08	9.02565e-08	9.02565e-08	9.02565e-08	9.02565e-08
20.96	4.81641e-10	8.02638e-09	3.18860e-08	7.70148e-08	1.22837e-07	1.25985e-07	1.25985e-07	1.25985e-07	1.25985e-07	1.25985e-07	1.25985e-07	1.25985e-07	1.25985e-07	1.25985e-07	1.25985e-07	1.25985e-07	1.25985e-07	1.25985e-07	1.25985e-07	1.25985e-07	1.25985e-07	1.25985e-07	1.25985e-07	1.25985e-07	1.25985e-07	1.25985e-07	1.25985e-07	1.25985e-07	1.25985e-07	1.25985e-07	1.25985e-07	1.25985e-07	1.25985e-07	1.25985e-07	1.25985e-07	1.25985e-07	1.25985e-07	1.25985e-07	1.25985e-07	1.25985e-07	1.25985e-07	1.25985e-07	1.25985e-07	1.25985e-07	1.25985e-07	1.25985e-07	1.25985e-07	1.25985e-07	1.25985e-07	1.25985e-07	1.25985e-07	1.25985e-07	1.25985e-07	1.25985e-07	1.25985e-07	1.25985e-07	1.25985e-07	1.25985e-07	1.25985e-07	1.25985e-07	1.25985e-07	1.25985e-07	1.25985e-07	1.25985e-07	1.25985e-07	1.25985e-07	1.25985e-07	1.25985e-07	1.25985e-07	1.25985e-07	1.25985e-07	1.25985e-07	1.25985e-07	1.25985e-07	1.25985e-07	1.25985e-07
21.02	4.11559e-10	7.01821e-09	2.89168e-08	7.45565e-08	1.37940e-07	1.68064e-07	1.68064e-07	1.68064e-07	1.68064e-07	1.68064e-07	1.68064e-07	1.68064e-07	1.68064e-07	1.68064e-07	1.68064e-07	1.68064e-07	1.68064e-07	1.68064e-07	1.68064e-07	1.68064e-07	1.68064e-07	1.68064e-07	1.68064e-07	1.68064e-07	1.68064e-07	1.68064e-07	1.68064e-07	1.68064e-07	1.68064e-07	1.68064e-07	1.68064e-07	1.68064e-07	1.68064e-07	1.68064e-07	1.68064e-07	1.68064e-07	1.68064e-07	1.68064e-07	1.68064e-07	1.68064e-07	1.68064e-07	1.68064e-07	1.68064e-07	1.68064e-07	1.68064e-07	1.68064e-07	1.68064e-07	1.68064e-07	1.68064e-07	1.68064e-07	1.68064e-07	1.68064e-07	1.68064e-07	1.68064e-07	1.68064e-07	1.68064e-07	1.68064e-07	1.68064e-07	1.68064e-07	1.68064e-07	1.68064e-07	1.68064e-07	1.68064e-07	1.68064e-07	1.68064e-07	1.68064e-07	1.68064e-07	1.68064e-07	1.68064e-07	1.68064e-07	1.68064e-07	1.68064e-07	1.68064e-07	1.68064e-07	1.68064e-07	1.68064e-07
21.08	3.47507e-10	6.03202e-09	2.55327e-08	6.88271e-08	1.38701e-07	2.08240e-07	2.16357e-07	2.16357e-07	2.16357e-07	2.16357e-07	2.16357e-07	2.16357e-07	2.16357e-07	2.16357e-07	2.16357e-07	2.16357e-07	2.16357e-07	2.16357e-07	2.16357e-07	2.16357e-07	2.16357e-07	2.16357e-07	2.16357e-07	2.16357e-07	2.16357e-07	2.16357e-07	2.16357e-07	2.16357e-07	2.16357e-07	2.16357e-07	2.16357e-07	2.16357e-07	2.16357e-07	2.16357e-07	2.16357e-07	2.16357e-07	2.16357e-07	2.16357e-07	2.16357e-07	2.16357e-07	2.16357e-07	2.16357e-07	2.16357e-07	2.16357e-07	2.16357e-07	2.16357e-07	2.16357e-07	2.16357e-07	2.16357e-07	2.16357e-07	2.16357e-07	2.16357e-07	2.16357e-07	2.16357e-07	2.16357e-07	2.16357e-07	2.16357e-07	2.16357e-07	2.16357e-07	2.16357e-07	2.16357e-07	2.16357e-07	2.16357e-07	2.16357e-07	2.16357e-07	2.16357e-07	2.16357e-07	2.16357e-07	2.16357e-07	2.16357e-07	2.16357e-07	2.16357e-07	2.16357e-07	2.16357e-07	2.16357e-07	2.16357e-07
21.14	2.90702e-10	5.11642e-09	2.21075e-08	6.15437e-08	1.31126e-07	2.21490e-07	2.70378e-07	2.70378e-07	2.70378e-07	2.70378e-07	2.70378e-07	2.70378e-07	2.70378e-07	2.70378e-07	2.70378e-07	2.70378e-07	2.70378e-07	2.70378e-07	2.70378e-07	2.70378e-07	2.70378e-07	2.70378e-07	2.70378e-07	2.70378e-07	2.70378e-07	2.70378e-07	2.70378e-07	2.70378e-07	2.70378e-07	2.70378e-07	2.70378e-07	2.70378e-07	2.70378e-07	2.70378e-07	2.70378e-07	2.70378e-07	2.70378e-07	2.70379e-07	2.70379e-07	2.70379e-07	2.70379e-07	2.70379e-07	2.70379e-07	2.70379e-07	2.70379e-07	2.70379e-07	2.70379e-07	2.70379e-07	2.70379e-07	2.70379e-07	2.70379e-07	2.70379e-07	2.70379e-07	2.70379e-07	2.70379e-07	2.70379e-07	2.70379e-07	2.70379e-07	2.70379e-07	2.70379e-07	2.70379e-07	2.70379e-07	2.70379e-07	2.70379e-07	2.70379e-07	2.70379e-07	2.70379e-07	2.70379e-07	2.70379e-07	2.70379e-07	2.70379e-07	2.70379e-07	2.70379e-07	2.70379e-07	2.70379e-07	2.70379e-07
21.20	2.41429e-10	4.29542e-09	1.88596e-08	5.37896e-08	1.19178e-07	2.16358e-07	3.13287e-07	3.29927e-07	3.29927e-07	3.29927e-07	3.29927e-07	3.29927e-07	3.29927e-07	3.29927e-07	3.29927e-07	3.29927e-07	3.29927e-07	3.29927e-07	3.29927e-07	3.29927e-07	3.29927e-07	3.29927e-07	3.29927e-07	3.29927e-07	3.29927e-07	3.29927e-07	3.29927e-07	3.29927e-07	3.29927e-07	3.29927e-07	3.29927e-07	3.29927e-07	3.29927e-07	3.29927e-07	3.29927e-07	3.29927e-07	3.29927e-07	3.29927e-07	3.29927e-07	3.29927e-07	3.29927e-07	3.29927e-07	3.29927e-07	3.29927e-07	3.29927e-07	3.29927e-07	3.29927e-07	3.29927e-07	3.29927e-07	3.29927e-07	3.29927e-07	3.29927e-07	3.29927e-07	3.29927e-07	3.29927e-07	3.29927e-07	3.29927e-07	3.29927e-07	3.29927e-07	3.29927e-07	3.29927e-07	3.29927e-07	3.29927e-07	3.29927e-07	3.29927e-07	3.29927e-07	3.29927e-07	3.29927e-07	3.29927e-07	3.29927e-07	3.29927e-07	3.29927e-07	3.29927e-07	3.29927e-07	3.29927e-07	3.29927e-07
21.26	1.99412e-10	3.57735e-09	1.59050e-08	4.62188e-08	1.05404e-07	2.00901e-07	3.20728e-07	3.94353e-07	3.94353e-07	3.94353e-07	3.94353e-07	3.94353e-07	3.94353e-07	3.94353e-07	3.94353e-07	3.94353e-07	3.94353e-07	3.94353e-07	3.94353e-07	3.94353e-07	3.94353e-07	3.94353e-07	3.94353e-07	3.94353e-07	3.94353e-07	3.94353e-07	3.94353e-07	3.94353e-07	3.94353e-07	3.94353e-07	3.94353e-07	3.94353e-07	3.94353e-07	3.94353e-07	3.94353e-07	3.94353e-07	3.94353e-07	3.94353e-07	3.94353e-07	3.94353e-07	3.94353e-07	3.94353e-07	3.94353e-07	3.94353e-07	3.94353e-07	3.94353e-07	3.94353e-07	3.94353e-07	3.94353e-07	3.94353e-07	3.94353e-07	3.94353e-07	3.94353e-07	3.94353e-07	3.94353e-07	3.94353e-07	3.94353e-07	3.94353e-07	3.94353e-07	3.94353e-07	3.94353e-07	3.94353e-07	3.94353e-07	3.94353e-07	3.94353e-07	3.94353e-07	3.94353e-07	3.94353e-07	3.94353e-07	3.94353e-07	3.94353e-07	3.94353e-07	3.94353e-07	3.94353e-07	3.94353e-07	3.94353e-07
21.32	1.64074e-10	2.96107e-09	1.32936e-08	3.91987e-08	9.13841e-08	1.80383e-07	3.06519e-07	4.33870e-07	4.63379e-07	4.63379e-07	4.63379e-07	4.63379e-07	4.63379e-07	4.63379e-07	4.63379e-07	4.63379e-07	4.63379e-07	4.63379e-07	4.63379e-07	4.63379e-07	4.63379e-07	4.63379e-07	4.63379e-07	4.63379e-07	4.63379e-07	4.63379e-07	4.63379e-07	4.63379e-07	4.63379e-07	4.63379e-07	4.63379e-07	4.63379e-07	4.63379e-07	4.63379e-07	4.63379e-07	4.63379e-07	4.63379e-07	4.63379e-07	4.63379e-07	4.63379e-07	4.63379e-07	4.63379e-07	4.63379e-07	4.63379e-07	4.63379e-07	4.63379e-07	4.63379e-07	4.63379e-07	4.63379e-07	4.63379e-07	4.63379e-07	4.63379e-07	4.63379e-07	4.63379e-07	4.63379e-07	4.63379e-07	4.63379e-07	4.63379e-07	4.63379e-07	4.63379e-07	4.63379e-07	4.63379e-07	4.63379e-07	4.63379e-07	4.63379e-07	4.63379e-07	4.63379e-07	4.63379e-07	4.63379e-07	4.63379e-07	4.63379e-07	4.63379e-07	4.63379e-07	4.63379e-07	4.63379e-07	4.63379e-07
21.39	1.34694e-10	2.44002e-09	1.10342e-08	3.29094e-08	7.80452e-08	1.58147e-07	2.80630e-07	4.31708e-07	5.35359e-07	5.36377e-07	5.36377e-07	5.36377e-07	5.36377e-07	5.36377e-07	5.36377e-07	5.36377e-07	5.36377e-07	5.36377e-07	5.36377e-07	5.36377e-07	5.36377e-07	5.36377e-07	5.36377e-07	5.36377e-07	5.36377e-07	5.36377e-07	5.36377e-07	5.36377e-07	5.36377e-07	5.36377e-07	5.36377e-07	5.36377e-07	5.36377e-07	5.36377e-07	5.36377e-07	5.36377e-07	5.36377e-07	5.36377e-07	5.36377e-07	5.36377e-07	5.36377e-07	5.36377e-07	5.36377e-07	5.36377e-07	5.36377e-07	5.36377e-07	5.36377e-07	5.36377e-07	5.36377e-07	5.36377e-07	5.36377e-07	5.36377e-07	5.36377e-07	5.36377e-07	5.36377e-07	5.36377e-07	5.36377e-07	5.36377e-07	5.36377e-07	5.36377e-07	5.36377e-07	5.36377e-07	5.36377e-07	5.36377e-07	5.36377e-07	5.36377e-07	5.36377e-07	5.36377e-07	5.36377e-07	5.36377e-07	5.36377e-07	5.36377e-07	5.36377e-07	5.36377e-07	5.36377e-07	5.36377e-07
21.45	1.10512e-10	2.00490e-09	9.11158e-09	2.74125e-08	6.58838e-08	1.36224e-07	2.49512e-07	4.05567e-07	5.65714e-07	6.12934e-07	6.12934e-07	6.12934e-07	6.12934e-07	6.12934e-07	6.12934e-07	6.12934e-07	6.12934e-07	6.12934e-07	6.12934e-07	6.12934e-07	6.12934e-07	6.12934e-07	6.12934e-07	6.12934e-07	6.12934e-07	6.12934e-07	6.12934e-07	6.12934e-07	6.12934e-07	6.12934e-07	6.12934e-07	6.12934e-07	6.12934e-07	6.12934e-07	6.12934e-07	6.12934e-07	6.12934e-07	6.12934e-07	6.12934e-07	6.12934e-07	6.12934e-07	6.12934e-07	6.12934e-07	6.12934e-07	6.12934e-07	6.12934e-07	6.12934e-07	6.12934e-07	6.12934e-07	6.12934e-07	6.12934e-07	6.12934e-07	6.12934e-07	6.12934e-07	6.12934e-07	6.12934e-07	6.12934e-07	6.12934e-07	6.12934e-07	6.12934e-07	6.12934e-07	6.12934e-07	6.12934e-07	6.12934e-07	6.12934e-07	6.12934e-07	6.12934e-07	6.12934e-07	6.12934e-07	6.12934e-07	6.12934e-07	6.12934e-07	6.12934e-07	6.12934e-07	6.12934e-07	6.12934e-07
21.51	9.07906e-11	1.64537e-09	7.49747e-09	2.26978e-08	5.51185e-08	1.15769e-07	2.17200e-07	3.67102e-07	5.50667e-07	6.87368e-07	6.92573e-07	6.92573e-07	6.92573e-07	6.92573e-07	6.92573e-07	6.92573e-07	6.92573e-07	6.92573e-07	6.92573e-07	6.92573e-07	6.92573e-07	6.92573e-07	6.92573e-07	6.92573e-07	6.92573e-07	6.92573e-07	6.92573e-07	6.92573e-07	6.92573e-07	6.92573e-07	6.92573e-07	6.92573e-07	6.92573e-07	6.92573e-07	6.92573e-07	6.92573e-07	6.92573e-07	6.92573e-07	6.92573e-07	6.92573e-07	6.92573e-07	6.92573e-07	6.92573e-07	6.92573e-07	6.92573e-07	6.92573e-07	6.92573e-07	6.92573e-07	6.92573e-07	6.92573e-07	6.92573e-07	6.92573e-07	6.92573e-07	6.92573e-07	6.92573e-07	6.92573e-07	6.92573e-07	6.92573e-07	6.92573e-07	6.92573e-07	6.92573e-07	6.92573e-07	6.92573e-07	6.92573e-07	6.92573e-07	6.92573e-07	6.92573e-07	6.92573e-07	6.92573e-07	6.92573e-07	6.92573e-07	6.92573e-07	6.92573e-07	6.92573e-07	6.92573e-07	6.92573e-07
21.57	7.48494e-11	1.35111e-09	6.15768e-09	1.87139e-08	4.57944e-08	9.73674e-08	1.86096e-07	3.23775e-07	5.10257e-07	7.04464e-07	7.74734e-07	7.74734e-07	7.74734e-07	7.74734e-07	7.74734e-07	7.74734e-07	7.74734e-07	7.74734e-07	7.74734e-07	7.74734e-07	7.74734e-07	7.74734e-07	7.74734e-07	7.74734e-07	7.74734e-07	7.74734e-07	7.74734e-07	7.74734e-07	7.74734e-07	7.74734e-07	7.74734e-07	7.74734e-07	7.74734e-07	7.74734e-07	7.74734e-07	7.74734e-07	7.74734e-07	7.74734e-07	7.74734e-07	7.74734e-07	7.74734e-07	7.74734e-07	7.74734e-07	7.74734e-07	7.74734e-07	7.74734e-07	7.74734e-07	7.74734e-07	7.74734e-07	7.74734e-07	7.74734e-07	7.74734e-07	7.74734e-07	7.74734e-07	7.74734e-07	7.74734e-07	7.74734e-07	7.74734e-07	7.74734e-07	7.74734e-07	7.74734e-07	7.74734e-07	7.74734e-07	7.74734e-07	7.74734e-07	7.74734e-07	7.74734e-07	7.74734e-07	7.74734e-07	7.74734e-07	7.74734e-07	7.74734e-07	7.74734e-07	7.74734e-07	7.74734e-07	7.74734e-07
21.63	6.20799e-11	1.11244e-09	5.05664e-09	1.53891e-08	3.78542e-08	8.12355e-08	1.57522e-07	2.80185e-07	4.57564e-07	6.73799e-07	8.45698e-07	8.59132e-07	8.59132e-07	8.59132e-07	8.59132e-07	8.59132e-07	8.59132e-07	8.59132e-07	8.59132e-07	8.59132e-07	8.59132e-07	8.59132e-07	8.59132e-07	8.59132e-07	8.59132e-07	8.59132e-07	8.59132e-07	8.59132e-07	8.59132e-07	8.59132e-07	8.59132e-07	8.59132e-07	8.59132e-07	8.59132e-07	8.59132e-07	8.59132e-07	8.59132e-07	8.59132e-07	8.59132e-07	8.59132e-07	8.59132e-07	8.59132e-07	8.59132e-07	8.59132e-07	8.59132e-07	8.59132e-07	8.59132e-07	8.59132e-07	8.59132e-07	8.59132e-07	8.59132e-07	8.59132e-07	8.59132e-07	8.59132e-07	8.59132e-07	8.59132e-07	8.59132e-07	8.59132e-07	8.59132e-07	8.59132e-07	8.59132e-07	8.59132e-07	8.59132e-07	8.59132e-07	8.59132e-07	8.59132e-07	8.59132e-07	8.59132e-07	8.59132e-07	8.59132e-07	8.59132e-07	8.59132e-07	8.59132e-07	8.59132e-07	8.59132e-07	8.59132e-07
21.69	5.19514e-11	9.20568e-10	4.16013e-09	1.26436e-08	3.11846e-08	6.73680e-08	1.32091e-07	2.39008e-07	4.00870e-07	6.17327e-07	8.46083e-07	9.45109e-07	9.45109e-07	9.45109e-07	9.45109e-07	9.45109e-07	9.45109e-07	9.45109e-07	9.45109e-07	9.45109e-07	9.45109e-07	9.45109e-07	9.45109e-07	9.45109e-07	9.45109e-07	9.45109e-07	9.45109e-07	9.45109e-07	9.45109e-07	9.45109e-07	9.45109e-07	9.45109e-07	9.45109e-07	9.45109e-07	9.45109e-07	9.45109e-07	9.45109e-07	9.45109e-07	9.45109e-07	9.45109e-07	9.45109e-07	9.45109e-07	9.45109e-07	9.45109e-07	9.45109e-07	9.45109e-07	9.45109e-07	9.45109e-07	9.45109e-07	9.45109e-07	9.45109e-07	9.45109e-07	9.45109e-07	9.45109e-07	9.45109e-07	9.45109e-07	9.45109e-07	9.45109e-07	9.45109e-07	9.45109e-07	9.45109e-07	9.45109e-07	9.45109e-07	9.45109e-07	9.45109e-07	9.45109e-07	9.45109e-07	9.45109e-07	9.45109e-07	9.45109e-07	9.45109e-07	9.45109e-07	9.45109e-07	9.45109e-07	9.45109e-07	9.45109e-07
21.75	4.40105e-11	7.67795e-10	3.43671e-09	1.03985e-08	2.56470e-08	5.56306e-08	1.09979e-07	2.01650e-07	3.45201e-07	5.49263e-07	7.97667e-07	1.00612e-06	1.03252e-06	1.03252e-06	1.03252e-06	1.03252e-06	1.03252e-06	1.03252e-06	1.03252e-06	1.03252e-06	1.03252e-06	1.03252e-06	1.03252e-06	1.03252e-06	1.03252e-06	1.03252e-06	1.03252e-06	1.03252e-06	1.03252e-06	1.03252e-06	1.03252e-06	1.03252e-06	1.03252e-06	1.03252e-06	1.03252e-06	1.03252e-06	1.03252e-06	1.03252e-06	1.03252e-06	1.03252e-06	1.03252e-06	1.03252e-06	1.03252e-06	1.03252e-06	1.03252e-06	1.03252e-06	1.03252e-06	1.03252e-06	1.03252e-06	1.03252e-06	1.03252e-06	1.03252e-06	1.03252e-06	1.03252e-06	1.03252e-06	1.03252e-06	1.03252e-06	1.03252e-06	1.03252e-06	1.03252e-06	1.03252e-06	1.03252e-06	1.03252e-06	1.03252e-06	1.03252e-06	1.03252e-06	1.03252e-06	1.03252e-06	1.03252e-06	1.03252e-06	1.03252e-06	1.03252e-06	1.03252e-06	1.03252e-06	1.03252e-06	1.03252e-06
21.81	3.78742e-11	6.47469e-10	2.85840e-09	8.57923e-09	2.10961e-08	4.58227e-08	9.10917e-08	1.68702e-07	2.93402e-07	4.78506e-07	7.23894e-07	9.87025e-07	1.12073e-06	1.12073e-06	1.12073e-06	1.12073e-06	1.12073e-06	1.12073e-06	1.12073e-06	1.12073e-06	1.12073e-06	1.12073e-06	1.12073e-06	1.12073e-06	1.12073e-06	1.12073e-06	1.12073e-06	1.12073e-06	1.12073e-06	1.12073e-06	1.12073e-06	1.12073e-06	1.12073e-06	1.12073e-06	1.12073e-06	1.12073e-06	1.12073e-06	1.12073e-06	1.12073e-06	1.12073e-06	1.12073e-06	1.12073e-06	1.12073e-06	1.12073e-06	1.12073e-06	1.12073e-06	1.12073e-06	1.12073e-06	1.12073e-06	1.12073e-06	1.12073e-06	1.12073e-06	1.12073e-06	1.12073e-06	1.12073e-06	1.12073e-06	1.12073e-06	1.12073e-06	1.12073e-06	1.12073e-06	1.12073e-06	1.12073e-06	1.12073e-06	1.12073e-06	1.12073e-06	1.12073e-06	1.12073e-06	1.12073e-06	1.12073e-06	1.12073e-06	1.12073e-06	1.12073e-06	1.12073e-06	1.12073e-06	1.12073e-06	1.12073e-06
21.87	3.32235e-11	5.53954e-10	2.40086e-09	7.11868e-09	1.73915e-08	3.77174e-08	7.51912e-08	1.40252e-07	2.46894e-07	4.10359e-07	6.39809e-07	9.19338e-07	1.16499e-06	1.20960e-06	1.20960e-06	1.20960e-06	1.20960e-06	1.20960e-06	1.20960e-06	1.20960e-06	1.20960e-06	1.20960e-06	1.20960e-06	1.20960e-06	1.20960e-06	1.20960e-06	1.20960e-06	1.20960e-06	1.20960e-06	1.20960e-06	1.20960e-06	1.20960e-06	1.20960e-06	1.20960e-06	1.20960e-06	1.20960e-06	1.20960e-06	1.20960e-06	1.20960e-06	1.20960e-06	1.20960e-06	1.20960e-06	1.20960e-06	1.20960e-06	1.20960e-06	1.20960e-06	1.20960e-06	1.20960e-06	1.20960e-06	1.20960e-06	1.20960e-06	1.20960e-06	1.20960e-06	1.20960e-06	1.20960e-06	1.20960e-06	1.20960e-06	1.20960e-06	1.20960e-06	1.20960e-06	1.20960e-06	1.20960e-06	1.20960e-06	1.20960e-06	1.20960e-06	1.20960e-06	1.20960e-06	1.20960e-06	1.20960e-06	1.20960e-06	1.20960e-06	1.20960e-06	1.20960e-06	1.20960e-06	1.20960e-06	1.20960e-06
21.93	2.97958e-11	4.82530e-10	2.04333e-09	5.95780e-09	1.44039e-08	3.10857e-08	6.19670e-08	1.16089e-07	2.06193e-07	3.47740e-07	5.54720e-07	8.27553e-07	1.12438e-06	1.29845e-06	1.29868e-06	1.29868e-06	1.29868e-06	1.29868e-06	1.29868e-06	1.29868e-06	1.29868e-06	1.29868e-06	1.29868e-06	1.29868e-06	1.29868e-06	1.29868e-06	1.29868e-06	1.29868e-06	1.29868e-06	1.29868e-06	1.29868e-06	1.29868e-06	1.29868e-06	1.29868e-06	1.29868e-06	1.29868e-06	1.29868e-06	1.29868e-06	1.29868e-06	1.29868e-06	1.29868e-06	1.29868e-06	1.29868e-06	1.29868e-06	1.29868e-06	1.29868e-06	1.29868e-06	1.29868e-06	1.29868e-06	1.29868e-06	1.29868e-06	1.29868e-06	1.29868e-06	1.29868e-06	1.29868e-06	1.29868e-06	1.29868e-06	1.29868e-06	1.29868e-06	1.29868e-06	1.29868e-06	1.29868e-06	1.29868e-06	1.29868e-06	1.29868e-06	1.29868e-06	1.29868e-06	1.29868e-06	1.29868e-06	1.29868e-06	1.29868e-06	1.29868e-06	1.29868e-06	1.29868e-06	1.29868e-06	1.29868e-06
21.99	2.73768e-11	4.29291e-10	1.76832e-09	5.04574e-09	1.20179e-08	2.57115e-08	5.10860e-08	9.58455e-08	1.71260e-07	2.92016e-07	4.74069e-07	7.27251e-07	1.03649e-06	1.31951e-06	1.38775e-06	1.38775e-06	1.38775e-06	1.38775e-06	1.38775e-06	1.38775e-06	1.38775e-06	1.38775e-06	1.38775e-06	1.38775e-06	1.38775e-06	1.38775e-06	1.38775e-06	1.38775e-06	1.38775e-06	1.38775e-06	1.38775e-06	1.38775e-06	1.38775e-06	1.38775e-06	1.38775e-06	1.38775e-06	1.38775e-06	1.38775e-06	1.38775e-06	1.38775e-06	1.38775e-06	1.38775e-06	1.38775e-06	1.38775e-06	1.38775e-06	1.38775e-06	1.38775e-06	1.38775e-06	1.38775e-06	1.38775e-06	1.38775e-06	1.38775e-06	1.38775e-06	1.38775e-06	1.38775e-06	1.38775e-06	1.38775e-06	1.38775e-06	1.38775e-06	1.38775e-06	1.38775e-06	1.38775e-06	1.38775e-06	1.38775e-06	1.38775e-06	1.38775e-06	1.38775e-06	1.38775e-06	1.38775e-06	1.38775e-06	1.38775e-06	1.38775e-06	1.38775e-06	1.38775e-06	1.38775e-06	1.38775e-06
22.05	2.57932e-11	3.91038e-10	1.56128e-09	4.33939e-09	1.01333e-08	2.13984e-08	4.22216e-08	7.90822e-08	1.41742e-07	2.43576e-07	4.00747e-07	6.27945e-07	9.26470e-07	1.25615e-06	1.47240e-06	1.47656e-06	1.47656e-06	1.47656e-06	1.47656e-06	1.47656e-06	1.47656e-06	1.47656e-06	1.47656e-06	1.47656e-06	1.47656e-06	1.47656e-06	1.47656e-06	1.47656e-06	1.47656e-06	1.47656e-06	1.47656e-06	1.47656e-06	1.47656e-06	1.47656e-06	1.47656e-06	1.47656e-06	1.47656e-06	1.47656e-06	1.47656e-06	1.47656e-06	1.47656e-06	1.47656e-06	1.47656e-06	1.47656e-06	1.47656e-06	1.47656e-06	1.47656e-06	1.47656e-06	1.47656e-06	1.47656e-06	1.47656e-06	1.47656e-06	1.47656e-06	1.47656e-06	1.47656e-06	1.47656e-06	1.47656e-06	1.47656e-06	1.47656e-06	1.47656e-06	1.47656e-06	1.47656e-06	1.47656e-06	1.47656e-06	1.47656e-06	1.47656e-06	1.47656e-06	1.47656e-06	1.47656e-06	1.47656e-06	1.47656e-06	1.47656e-06	1.47656e-06	1.47656e-06	1.47656e-06	1.47656e-06
22.11	2.49059e-11	3.65180e-10	1.41025e-09	3.80271e-09	8.66429e-09	1.79733e-08	3.50706e-08	6.53471e-08	1.17120e-07	2.02227e-07	3.36001e-07	5.35081e-07	8.10148e-07	1.14773e-06	1.46738e-06	1.56483e-06	1.56483e-06	1.56483e-06	1.56483e-06	1.56483e-06	1.56483e-06	1.56483e-06	1.56483e-06	1.56483e-06	1.56483e-06	1.56483e-06	1.56483e-06	1.56483e-06	1.56483e-06	1.56483e-06	1.56483e-06	1.56483e-06	1.56483e-06	1.56483e-06	1.56483e-06	1.56483e-06	1.56483e-06	1.56483e-06	1.56483e-06	1.56483e-06	1.56483e-06	1.56483e-06	1.56483e-06	1.56483e-06	1.56483e-06	1.56483e-06	1.56483e-06	1.56483e-06	1.56483e-06	1.56483e-06	1.56483e-06	1.56483e-06	1.56483e-06	1.56483e-06	1.56483e-06	1.56483e-06	1.56483e-06	1.56483e-06	1.56483e-06	1.56483e-06	1.56483e-06	1.56483e-06	1.56483e-06	1.56483e-06	1.56483e-06	1.56483e-06	1.56483e-06	1.56483e-06	1.56483e-06	1.56483e-06	1.56483e-06	1.56483e-06	1.56483e-06	1.56483e-06	1.56483e-06	1.56483e-06
22.18	2.46058e-11	3.49629e-10	1.30549e-09	3.40587e-09	7.53861e-09	1.52868e-08	2.93612e-08	5.42061e-08	9.68167e-08	1.67449e-07	2.80058e-07	4.51437e-07	6.97060e-07	1.01967e-06	1.38064e-06	1.63908e-06	1.65251e-06	1.65251e-06	1.65251e-06	1.65251e-06	1.65251e-06	1.65251e-06	1.65251e-06	1.65251e-06	1.65251e-06	1.65251e-06	1.65251e-06	1.65251e-06	1.65251e-06	1.65251e-06	1.65251e-06	1.65251e-06	1.65251e-06	1.65251e-06	1.65251e-06	1.65251e-06	1.65251e-06	1.65251e-06	1.65251e-06	1.65251e-06	1.65251e-06	1.65251e-06	1.65251e-06	1.65251e-06	1.65251e-06	1.65251e-06	1.65251e-06	1.65251e-06	1.65251e-06	1.65251e-06	1.65251e-06	1.65251e-06	1.65251e-06	1.65251e-06	1.65251e-06	1.65251e-06	1.65251e-06	1.65251e-06	1.65251e-06	1.65251e-06	1.65251e-06	1.65251e-06	1.65251e-06	1.65251e-06	1.65251e-06	1.65251e-06	1.65251e-06	1.65251e-06	1.65251e-06	1.65251e-06	1.65251e-06	1.65251e-06	1.65251e-06	1.65251e-06	1.65251e-06	1.65251e-06
22.24	2.48059e-11	3.42728e-10	1.23913e-09	3.12449e-09	6.69620e-09	1.32120e-08	2.48557e-08	4.52616e-08	8.02503e-08	1.38562e-07	2.32542e-07	3.78086e-07	5.92535e-07	8.87844e-07	1.25182e-06	1.60684e-06	1.73925e-06	1.73925e-06	1.73925e-06	1.73925e-06	1.73925e-06	1.73925e-06	1.73925e-06	1.73925e-06	1.73925e-06	1.73925e-06	1.73925e-06	1.73925e-06	1.73925e-06	1.73925e-06	1.73925e-06	1.73925e-06	1.73925e-06	1.73925e-06	1.73925e-06	1.73925e-06	1.73925e-06	1.73925e-06	1.73925e-06	1.73925e-06	1.73925e-06	1.73925e-06	1.73925e-06	1.73925e-06	1.73925e-06	1.73925e-06	1.73925e-06	1.73925e-06	1.73925e-06	1.73925e-06	1.73925e-06	1.73925e-06	1.73925e-06	1.73925e-06	1.73925e-06	1.73925e-06	1.73925e-06	1.73925e-06	1.73925e-06	1.73925e-06	1.73925e-06	1.73925e-06	1.73925e-06	1.73925e-06	1.73925e-06	1.73925e-06	1.73925e-06	1.73925e-06	1.73925e-06	1.73925e-06	1.73925e-06	1.73925e-06	1.73925e-06	1.73925e-06	1.73925e-06	1.73925e-06
22.30	2.54419e-11	3.43176e-10	1.20491e-09	2.93880e-09	6.08763e-09	1.16425e-08	2.13502e-08	3.81607e-08	6.68729e-08	1.14839e-07	1.92751e-07	3.15057e-07	4.99161e-07	7.61641e-07	1.10629e-06	1.49665e-06	1.79672e-06	1.82514e-06	1.82514e-06	1.82514e-06	1.82514e-06	1.82514e-06	1.82514e-06	1.82514e-06	1.82514e-06	1.82514e-06	1.82514e-06	1.82514e-06	1.82514e-06	1.82514e-06	1.82514e-06	1.82514e-06	1.82514e-06	1.82514e-06	1.82514e-06	1.82514e-06	1.82514e-06	1.82514e-06	1.82514e-06	1.82514e-06	1.82514e-06	1.82514e-06	1.82514e-06	1.82514e-06	1.82514e-06	1.82514e-06	1.82514e-06	1.82514e-06	1.82514e-06	1.82514e-06	1.82514e-06	1.82514e-06	1.82514e-06	1.82514e-06	1.82514e-06	1.82514e-06	1.82514e-06	1.82514e-06	1.82514e-06	1.82514e-06	1.82514e-06	1.82514e-06	1.82514e-06	1.82514e-06	1.82514e-06	1.82514e-06	1.82514e-06	1.82514e-06	1.82514e-06	1.82514e-06	1.82514e-06	1.82514e-06	1.82514e-06	1.82514e-06	1.82514e-06	1.82514e-06
22.36	2.64634e-11	3.49968e-10	1.19786e-09	2.83294e-09	5.67268e-09	1.04904e-08	1.86728e-08	3.25972e-08	5.61886e-08	9.55653e-08	1.59837e-07	2.61772e-07	4.17792e-07	6.46175e-07	9.59732e-07	1.34792e-06	1.73677e-06	1.90986e-06	1.90986e-06	1.90986e-06	1.90986e-06	1.90986e-06	1.90986e-06	1.90986e-06	1.90986e-06	1.90986e-06	1.90986e-06	1.90986e-06	1.90986e-06	1.90986e-06	1.90986e-06	1.90986e-06	1.90986e-06	1.90986e-06	1.90986e-06	1.90986e-06	1.90986e-06	1.90986e-06	1.90986e-06	1.90986e-06	1.90986e-06	1.90986e-06	1.90986e-06	1.90986e-06	1.90986e-06	1.90986e-06	1.90986e-06	1.90986e-06	1.90986e-06	1.90986e-06	1.90986e-06	1.90986e-06	1.90986e-06	1.90986e-06	1.90986e-06	1.90986e-06	1.90986e-06	1.90986e-06	1.90986e-06	1.90986e-06	1.90986e-06	1.90986e-06	1.90986e-06	1.90986e-06	1.90986e-06	1.90986e-06	1.90986e-06	1.90986e-06	1.90986e-06	1.90986e-06	1.90986e-06	1.90986e-06	1.90986e-06	1.90986e-06	1.90986e-06	1.90986e-06
22.42	2.78345e-11	3.62342e-10	1.21413e-09	2.79434e-09	5.41890e-09	9.68373e-09	1.66801e-08	2.83101e-08	4.77606e-08	8.00763e-08	1.32919e-07	2.17340e-07	3.48232e-07	5.43788e-07	8.21278e-07	1.18576e-06	1.60345e-06	1.94415e-06	1.99353e-06	1.99353e-06	1.99353e-06	1.99353e-06	1.99353e-06	1.99353e-06	1.99353e-06	1.99353e-06	1.99353e-06	1.99353e-06	1.99353e-06	1.99353e-06	1.99353e-06	1.99353e-06	1.99353e-06	1.99353e-06	1.99353e-06	1.99353e-06	1.99353e-06	1.99353e-06	1.99353e-06	1.99353e-06	1.99353e-06	1.99353e-06	1.99353e-06	1.99353e-06	1.99353e-06	1.99353e-06	1.99353e-06	1.99353e-06	1.99353e-06	1.99353e-06	1.99353e-06	1.99353e-06	1.99353e-06	1.99353e-06	1.99353e-06	1.99353e-06	1.99353e-06	1.99353e-06	1.99353e-06	1.99353e-06	1.99353e-06	1.99353e-06	1.99353e-06	1.99353e-06	1.99353e-06	1.99353e-06	1.99353e-06	1.99353e-06	1.99353e-06	1.99353e-06	1.99353e-06	1.99353e-06	1.99353e-06	1.99353e-06	1.99353e-06	1.99353e-06
22.48	2.95307e-11	3.79733e-10	1.25078e-09	2.81314e-09	5.30041e-09	9.16414e-09	1.52540e-08	2.50803e-08	4.12126e-08	6.77769e-08	1.11149e-07	1.80740e-07	2.89690e-07	4.55079e-07	6.95745e-07	1.02546e-06	1.43565e-06	1.85652e-06	2.07597e-06	2.07597e-06	2.07597e-06	2.07597e-06	2.07597e-06	2.07597e-06	2.07597e-06	2.07597e-06	2.07597e-06	2.07597e-06	2.07597e-06	2.07597e-06	2.07597e-06	2.07597e-06	2.07597e-06	2.07597e-06	2.07597e-06	2.07597e-06	2.07597e-06	2.07597e-06	2.07597e-06	2.07597e-06	2.07597e-06	2.07597e-06	2.07597e-06	2.07597e-06	2.07597e-06	2.07597e-06	2.07597e-06	2.07597e-06	2.07597e-06	2.07597e-06	2.07597e-06	2.07597e-06	2.07597e-06	2.07597e-06	2.07597e-06	2.07597e-06	2.07597e-06	2.07597e-06	2.07597e-06	2.07597e-06	2.07597e-06	2.07597e-06	2.07597e-06	2.07597e-06	2.07597e-06	2.07597e-06	2.07597e-06	2.07597e-06	2.07597e-06	2.07597e-06	2.07597e-06	2.07597e-06	2.07597e-06	2.07597e-06	2.07597e-06	2.07597e-06
22.54	3.15364e-11	4.01747e-10	1.30561e-09	2.88174e-09	5.29684e-09	8.88485e-09	1.42983e-08	2.27261e-08	3.62256e-08	5.81466e-08	9.37464e-08	1.50938e-07	2.41081e-07	3.79614e-07	5.85178e-07	8.75777e-07	1.25791e-06	1.70078e-06	2.08089e-06	2.15723e-06	2.15723e-06	2.15723e-06	2.15723e-06	2.15723e-06	2.15723e-06	2.15723e-06	2.15723e-06	2.15723e-06	2.15723e-06	2.15723e-06	2.15723e-06	2.15723e-06	2.15723e-06	2.15723e-06	2.15723e-06	2.15723e-06	2.15723e-06	2.15723e-06	2.15723e-06	2.15723e-06	2.15723e-06	2.15723e-06	2.15723e-06	2.15723e-06	2.15723e-06	2.15723e-06	2.15723e-06	2.15723e-06	2.15723e-06	2.15723e-06	2.15723e-06	2.15723e-06	2.15723e-06	2.15723e-06	2.15723e-06	2.15723e-06	2.15723e-06	2.15723e-06	2.15723e-06	2.15723e-06	2.15723e-06	2.15723e-06	2.15723e-06	2.15723e-06	2.15723e-06	2.15723e-06	2.15723e-06	2.15723e-06	2.15723e-06	2.15723e-06	2.15723e-06	2.15723e-06	2.15723e-06	2.15723e-06	2.15723e-06	2.15723e-06
22.60	3.38440e-11	4.28127e-10	1.37704e-09	2.99447e-09	5.39240e-09	8.80876e-09	1.37355e-08	2.10985e-08	3.25330e-08	5.07397e-08	8.00189e-08	1.26954e-07	2.01212e-07	3.16381e-07	4.89901e-07	7.41166e-07	1.08500e-06	1.51497e-06	1.96617e-06	2.23552e-06	2.23731e-06	2.23731e-06	2.23731e-06	2.23731e-06	2.23731e-06	2.23731e-06	2.23731e-06	2.23731e-06	2.23731e-06	2.23731e-06	2.23731e-06	2.23731e-06	2.23731e-06	2.23731e-06	2.23731e-06	2.23731e-06	2.23731e-06	2.23731e-06	2.23731e-06	2.23731e-06	2.23731e-06	2.23731e-06	2.23731e-06	2.23731e-06	2.23731e-06	2.23731e-06	2.23731e-06	2.23731e-06	2.23731e-06	2.23731e-06	2.23731e-06	2.23731e-06	2.23731e-06	2.23731e-06	2.23731e-06	2.23731e-06	2.23731e-06	2.23731e-06	2.23731e-06	2.23731e-06	2.23731e-06	2.23731e-06	2.23731e-06	2.23731e-06	2.23731e-06	2.23731e-06	2.23731e-06	2.23731e-06	2.23731e-06	2.23731e-06	2.23731e-06	2.23731e-06	2.23731e-06	2.23731e-06	2.23731e-06	2.23731e-06
22.66	3.64528e-11	4.58732e-10	1.46402e-09	3.14713e-09	5.57502e-09	8.90694e-09	1.35036e-08	2.00767e-08	2.99149e-08	4.51801e-08	6.93649e-08	1.07898e-07	1.68901e-07	2.64103e-07	4.09227e-07	6.23340e-07	9.25210e-07	1.32285e-06	1.78905e-06	2.20689e-06	2.31615e-06	2.31615e-06	2.31615e-06	2.31615e-06	2.31615e-06	2.31615e-06	2.31615e-06	2.31615e-06	2.31615e-06	2.31615e-06	2.31615e-06	2.31615e-06	2.31615e-06	2.31615e-06	2.31615e-06	2.31615e-06	2.31615e-06	2.31615e-06	2.31615e-06	2.31615e-06	2.31615e-06	2.31615e-06	2.31615e-06	2.31615e-06	2.31615e-06	2.31615e-06	2.31615e-06	2.31615e-06	2.31615e-06	2.31615e-06	2.31615e-06	2.31615e-06	2.31615e-06	2.31615e-06	2.31615e-06	2.31615e-06	2.31615e-06	2.31615e-06	2.31615e-06	2.31615e-06	2.31615e-06	2.31615e-06	2.31615e-06	2.31615e-06	2.31615e-06	2.31615e-06	2.31615e-06	2.31615e-06	2.31615e-06	2.31615e-06	2.31615e-06	2.31615e-06	2.31615e-06	2.31615e-06	2.31615e-06	2.31615e-06
22.72	3.93676e-11	4.93519e-10	1.56593e-09	3.33685e-09	5.83584e-09	9.15713e-09	1.35542e-08	1.95637e-08	2.81915e-08	4.11552e-08	6.12718e-08	9.29822e-08	1.43042e-07	2.21419e-07	3.41928e-07	5.22333e-07	7.82582e-07	1.13857e-06	1.58646e-06	2.06604e-06	2.38393e-06	2.39390e-06	2.39390e-06	2.39390e-06	2.39390e-06	2.39390e-06	2.39390e-06	2.39390e-06	2.39390e-06	2.39390e-06	2.39390e-06	2.39390e-06	2.39390e-06	2.39390e-06	2.39390e-06	2.39390e-06	2.39390e-06	2.39390e-06	2.39390e-06	2.39390e-06	2.39390e-06	2.39390e-06	2.39390e-06	2.39390e-06	2.39390e-06	2.39390e-06	2.39390e-06	2.39390e-06	2.39390e-06	2.39390e-06	2.39390e-06	2.39390e-06	2.39390e-06	2.39390e-06	2.39390e-06	2.39390e-06	2.39390e-06	2.39390e-06	2.39390e-06	2.39390e-06	2.39390e-06	2.39390e-06	2.39390e-06	2.39390e-06	2.39390e-06	2.39390e-06	2.39390e-06	2.39390e-06	2.39390e-06	2.39390e-06	2.39390e-06	2.39390e-06	2.39390e-06	2.39390e-06	2.39390e-06	2.39390e-06
22.78	4.25982e-11	5.32527e-10	1.68248e-09	3.56180e-09	6.16855e-09	9.54267e-09	1.38494e-08	1.94829e-08	2.72179e-08	3.84079e-08	5.53094e-08	8.15301e-08	1.22640e-07	1.87006e-07	2.86536e-07	4.37203e-07	6.58474e-07	9.69867e-07	1.38128e-06	1.86879e-06	2.32231e-06	2.47043e-06	2.47043e-06	2.47043e-06	2.47043e-06	2.47043e-06	2.47043e-06	2.47043e-06	2.47043e-06	2.47043e-06	2.47043e-06	2.47043e-06	2.47043e-06	2.47043e-06	2.47043e-06	2.47043e-06	2.47043e-06	2.47043e-06	2.47043e-06	2.47043e-06	2.47043e-06	2.47043e-06	2.47043e-06	2.47043e-06	2.47043e-06	2.47043e-06	2.47043e-06	2.47043e-06	2.47043e-06	2.47043e-06	2.47043e-06	2.47043e-06	2.47043e-06	2.47043e-06	2.47043e-06	2.47043e-06	2.47043e-06	2.47043e-06	2.47043e-06	2.47043e-06	2.47043e-06	2.47043e-06	2.47043e-06	2.47043e-06	2.47043e-06	2.47043e-06	2.47043e-06	2.47043e-06	2.47043e-06	2.47043e-06	2.47043e-06	2.47043e-06	2.47043e-06	2.47043e-06	2.47043e-06	2.47043e-06
22.84	4.61590e-11	5.75870e-10	1.81373e-09	3.82108e-09	6.56899e-09	1.00516e-08	1.43609e-08	1.97743e-08	2.68786e-08	3.67294e-08	5.11214e-08	7.29660e-08	1.06820e-07	1.59639e-07	2.41533e-07	3.66508e-07	5.52616e-07	8.20330e-07	1.18690e-06	1.65080e-06	2.15652e-06	2.52109e-06	2.54599e-06	2.54599e-06	2.54599e-06	2.54599e-06	2.54599e-06	2.54599e-06	2.54599e-06	2.54599e-06	2.54599e-06	2.54599e-06	2.54599e-06	2.54599e-06	2.54599e-06	2.54599e-06	2.54599e-06	2.54599e-06	2.54599e-06	2.54599e-06	2.54599e-06	2.54599e-06	2.54599e-06	2.54599e-06	2.54599e-06	2.54599e-06	2.54599e-06	2.54599e-06	2.54599e-06	2.54599e-06	2.54599e-06	2.54599e-06	2.54599e-06	2.54599e-06	2.54599e-06	2.54599e-06	2.54599e-06	2.54599e-06	2.54599e-06	2.54599e-06	2.54599e-06	2.54599e-06	2.54599e-06	2.54599e-06	2.54599e-06	2.54599e-06	2.54599e-06	2.54599e-06	2.54599e-06	2.54599e-06	2.54599e-06	2.54599e-06	2.54599e-06	2.54599e-06	2.54599e-06	2.54599e-06
22.90	5.00683e-11	6.23727e-10	1.95998e-09	4.11454e-09	7.03485e-09	1.06756e-08	1.50675e-08	2.03921e-08	2.70827e-08	3.59522e-08	4.84164e-08	6.68098e-08	9.48355e-08	1.38225e-07	2.05462e-07	3.08599e-07	4.63817e-07	6.90943e-07	1.01047e-06	1.43390e-06	1.94054e-06	2.42758e-06	2.62046e-06	2.62046e-06	2.62046e-06	2.62046e-06	2.62046e-06	2.62046e-06	2.62046e-06	2.62046e-06	2.62046e-06	2.62046e-06	2.62046e-06	2.62046e-06	2.62046e-06	2.62046e-06	2.62046e-06	2.62046e-06	2.62046e-06	2.62046e-06	2.62046e-06	2.62046e-06	2.62046e-06	2.62046e-06	2.62046e-06	2.62046e-06	2.62046e-06	2.62046e-06	2.62046e-06	2.62046e-06	2.62046e-06	2.62046e-06	2.62046e-06	2.62046e-06	2.62046e-06	2.62046e-06	2.62046e-06	2.62046e-06	2.62046e-06	2.62046e-06	2.62046e-06	2.62046e-06	2.62046e-06	2.62046e-06	2.62046e-06	2.62046e-06	2.62046e-06	2.62046e-06	2.62046e-06	2.62046e-06	2.62046e-06	2.62046e-06	2.62046e-06	2.62046e-06	2.62046e-06	2.62046e-06
22.96	5.43494e-11	6.76334e-10	2.12178e-09	4.44267e-09	7.56531e-09	1.14098e-08	1.59548e-08	2.13021e-08	2.77601e-08	3.59435e-08	4.69589e-08	6.26654e-08	8.60533e-08	1.21813e-07	1.76990e-07	2.61808e-07	3.90424e-07	5.81135e-07	8.55113e-07	1.23071e-06	1.70857e-06	2.23826e-06	2.64744e-06	2.69406e-06	2.69406e-06	2.69406e-06	2.69406e-06	2.69406e-06	2.69406e-06	2.69406e-06	2.69406e-06	2.69406e-06	2.69406e-06	2.69406e-06	2.69406e-06	2.69406e-06	2.69406e-06	2.69406e-06	2.69406e-06	2.69406e-06	2.69406e-06	2.69406e-06	2.69406e-06	2.69406e-06	2.69406e-06	2.69406e-06	2.69406e-06	2.69406e-06	2.69406e-06	2.69406e-06	2.69406e-06	2.69406e-06	2.69406e-06	2.69406e-06	2.69406e-06	2.69406e-06	2.69406e-06	2.69406e-06	2.69406e-06	2.69406e-06	2.69406e-06	2.69406e-06	2.69406e-06	2.69406e-06	2.69406e-06	2.69406e-06	2.69406e-06	2.69406e-06	2.69406e-06	2.69406e-06	2.69406e-06	2.69406e-06	2.69406e-06	2.69406e-06	2.69406e-06	2.69406e-06
23.02	5.90260e-11	7.33982e-10	2.29990e-09	4.80655e-09	8.16088e-09	1.22519e-08	1.70132e-08	2.24799e-08	2.88578e-08	3.65999e-08	4.65609e-08	6.02105e-08	7.99487e-08	1.09588e-07	1.54935e-07	2.24557e-07	3.30619e-07	4.89468e-07	7.21431e-07	1.04775e-06	1.48136e-06	2.00505e-06	2.52340e-06	2.76678e-06	2.76678e-06	2.76678e-06	2.76678e-06	2.76678e-06	2.76678e-06	2.76678e-06	2.76678e-06	2.76678e-06	2.76678e-06	2.76678e-06	2.76678e-06	2.76678e-06	2.76678e-06	2.76678e-06	2.76678e-06	2.76678e-06	2.76678e-06	2.76678e-06	2.76678e-06	2.76678e-06	2.76678e-06	2.76678e-06	2.76678e-06	2.76678e-06	2.76678e-06	2.76678e-06	2.76678e-06	2.76678e-06	2.76678e-06	2.76678e-06	2.76678e-06	2.76678e-06	2.76678e-06	2.76678e-06	2.76678e-06	2.76678e-06	2.76678e-06	2.76678e-06	2.76678e-06	2.76678e-06	2.76678e-06	2.76678e-06	2.76678e-06	2.76678e-06	2.76678e-06	2.76678e-06	2.76678e-06	2.76678e-06	2.76678e-06	2.76678e-06	2.76678e-06	2.76678e-06
23.09	6.41296e-11	7.97016e-10	2.49528e-09	5.20778e-09	8.82319e-09	1.32019e-08	1.82378e-08	2.39092e-08	3.03370e-08	3.78424e-08	4.70748e-08	5.91859e-08	7.60905e-08	1.00870e-07	1.38273e-07	1.95414e-07	2.82598e-07	4.14092e-07	6.08551e-07	8.87642e-07	1.27065e-06	1.76059e-06	2.31208e-06	2.76372e-06	2.83880e-06	2.83880e-06	2.83880e-06	2.83880e-06	2.83880e-06	2.83880e-06	2.83880e-06	2.83880e-06	2.83880e-06	2.83880e-06	2.83880e-06	2.83880e-06	2.83880e-06	2.83880e-06	2.83880e-06	2.83880e-06	2.83880e-06	2.83880e-06	2.83880e-06	2.83880e-06	2.83880e-06	2.83880e-06	2.83880e-06	2.83880e-06	2.83880e-06	2.83880e-06	2.83880e-06	2.83880e-06	2.83880e-06	2.83880e-06	2.83880e-06	2.83880e-06	2.83880e-06	2.83880e-06	2.83880e-06	2.83880e-06	2.83880e-06	2.83880e-06	2.83880e-06	2.83880e-06	2.83880e-06	2.83880e-06	2.83880e-06	2.83880e-06	2.83880e-06	2.83880e-06	2.83880e-06	2.83880e-06	2.83880e-06	2.83880e-06	2.83880e-06	2.83880e-06
23.15	6.96946e-11	8.65830e-10	2.70905e-09	5.64842e-09	9.55489e-09	1.42619e-08	1.96272e-08	2.55804e-08	3.21711e-08	3.96124e-08	4.83865e-08	5.93865e-08	7.41297e-08	9.50926e-08	1.26136e-07	1.73119e-07	2.44672e-07	3.53032e-07	5.14801e-07	7.50628e-07	1.08234e-06	1.52446e-06	2.06320e-06	2.61078e-06	2.91006e-06	2.91018e-06	2.91018e-06	2.91018e-06	2.91018e-06	2.91018e-06	2.91018e-06	2.91018e-06	2.91018e-06	2.91018e-06	2.91018e-06	2.91018e-06	2.91018e-06	2.91018e-06	2.91018e-06	2.91018e-06	2.91018e-06	2.91018e-06	2.91018e-06	2.91018e-06	2.91018e-06	2.91018e-06	2.91018e-06	2.91018e-06	2.91018e-06	2.91018e-06	2.91018e-06	2.91018e-06	2.91018e-06	2.91018e-06	2.91018e-06	2.91018e-06	2.91018e-06	2.91018e-06	2.91018e-06	2.91018e-06	2.91018e-06	2.91018e-06	2.91018e-06	2.91018e-06	2.91018e-06	2.91018e-06	2.91018e-06	2.91018e-06	2.91018e-06	2.91018e-06	2.91018e-06	2.91018e-06	2.91018e-06	2.91018e-06	2.91018e-06	2.91018e-06
23.21	7.57544e-11	9.40867e-10	2.94254e-09	6.13097e-09	1.03596e-08	1.54356e-08	2.11836e-08	2.74896e-08	3.43435e-08	4.18684e-08	5.04104e-08	6.06523e-08	7.37875e-08	9.17958e-08	1.17798e-07	1.56586e-07	2.15322e-07	3.04359e-07	4.38145e-07	6.35540e-07	9.18567e-07	1.30754e-06	1.80775e-06	2.37913e-06	2.87094e-06	2.98099e-06	2.98099e-06	2.98099e-06	2.98099e-06	2.98099e-06	2.98099e-06	2.98099e-06	2.98099e-06	2.98099e-06	2.98099e-06	2.98099e-06	2.98099e-06	2.98099e-06	2.98099e-06	2.98099e-06	2.98099e-06	2.98099e-06	2.98099e-06	2.98099e-06	2.98099e-06	2.98099e-06	2.98099e-06	2.98099e-06	2.98099e-06	2.98099e-06	2.98099e-06	2.98099e-06	2.98099e-06	2.98099e-06	2.98099e-06	2.98099e-06	2.98099e-06	2.98099e-06	2.98099e-06	2.98099e-06	2.98099e-06	2.98099e-06	2.98099e-06	2.98099e-06	2.98099e-06	2.98099e-06	2.98099e-06	2.98099e-06	2.98099e-06	2.98099e-06	2.98099e-06	2.98099e-06	2.98099e-06	2.98099e-06	2.98099e-06	2.98099e-06
23.27	8.23563e-11	1.02264e-09	3.19726e-09	6.65833e-09	1.12416e-08	1.67285e-08	2.29115e-08	2.96379e-08	3.68456e-08	4.45831e-08	5.30843e-08	6.28616e-08	7.48450e-08	9.06084e-08	1.12661e-07	1.44900e-07	1.93221e-07	2.66288e-07	3.76465e-07	5.40482e-07	7.79187e-07	1.11506e-06	1.56410e-06	2.11618e-06	2.69092e-06	3.04598e-06	3.05143e-06	3.05143e-06	3.05143e-06	3.05143e-06	3.05143e-06	3.05143e-06	3.05143e-06	3.05143e-06	3.05143e-06	3.05143e-06	3.05143e-06	3.05143e-06	3.05143e-06	3.05143e-06	3.05143e-06	3.05143e-06	3.05143e-06	3.05143e-06	3.05143e-06	3.05143e-06	3.05143e-06	3.05143e-06	3.05143e-06	3.05143e-06	3.05143e-06	3.05143e-06	3.05143e-06	3.05143e-06	3.05143e-06	3.05143e-06	3.05143e-06	3.05143e-06	3.05143e-06	3.05143e-06	3.05143e-06	3.05143e-06	3.05143e-06	3.05143e-06	3.05143e-06	3.05143e-06	3.05143e-06	3.05143e-06	3.05143e-06	3.05143e-06	3.05143e-06	3.05143e-06	3.05143e-06	3.05143e-06	3.05143e-06	3.05143e-06
23.33	8.95404e-11	1.11168e-09	3.47487e-09	7.23386e-09	1.22063e-08	1.81473e-08	2.48184e-08	3.20306e-08	3.96766e-08	4.77410e-08	5.63659e-08	6.59245e-08	7.71333e-08	9.12360e-08	1.10240e-07	1.37297e-07	1.77231e-07	2.37224e-07	3.27722e-07	4.63247e-07	6.62759e-07	9.48673e-07	1.34225e-06	1.85124e-06	2.44069e-06	2.97003e-06	3.12148e-06	3.12148e-06	3.12148e-06	3.12148e-06	3.12148e-06	3.12148e-06	3.12148e-06	3.12148e-06	3.12148e-06	3.12148e-06	3.12148e-06	3.12148e-06	3.12148e-06	3.12148e-06	3.12148e-06	3.12148e-06	3.12148e-06	3.12148e-06	3.12148e-06	3.12148e-06	3.12148e-06	3.12148e-06	3.12148e-06	3.12148e-06	3.12148e-06	3.12148e-06	3.12148e-06	3.12148e-06	3.12148e-06	3.12148e-06	3.12148e-06	3.12148e-06	3.12148e-06	3.12148e-06	3.12148e-06	3.12148e-06	3.12148e-06	3.12148e-06	3.12148e-06	3.12148e-06	3.12148e-06	3.12148e-06	3.12148e-06	3.12148e-06	3.12148e-06	3.12148e-06	3.12148e-06	3.12148e-06	3.12148e-06	3.12148e-06
23.39	9.73581e-11	1.20862e-09	3.77728e-09	7.86132e-09	1.32596e-08	1.97003e-08	2.69139e-08	3.46770e-08	4.28414e-08	5.13371e-08	6.02294e-08	6.97778e-08	8.05260e-08	9.34499e-08	1.10147e-07	1.33155e-07	1.66396e-07	2.15783e-07	2.90045e-07	4.01589e-07	5.67178e-07	8.07886e-07	1.14677e-06	1.60146e-06	2.16529e-06	2.76483e-06	3.17280e-06	3.19145e-06	3.19145e-06	3.19145e-06	3.19145e-06	3.19145e-06	3.19145e-06	3.19145e-06	3.19145e-06	3.19145e-06	3.19145e-06	3.19145e-06	3.19145e-06	3.19145e-06	3.19145e-06	3.19145e-06	3.19145e-06	3.19145e-06	3.19145e-06	3.19145e-06	3.19145e-06	3.19145e-06	3.19145e-06	3.19145e-06	3.19145e-06	3.19145e-06	3.19145e-06	3.19145e-06	3.19145e-06	3.19145e-06	3.19145e-06	3.19145e-06	3.19145e-06	3.19145e-06	3.19145e-06	3.19145e-06	3.19145e-06	3.19145e-06	3.19145e-06	3.19145e-06	3.19145e-06	3.19145e-06	3.19145e-06	3.19145e-06	3.19145e-06	3.19145e-06	3.19145e-06	3.19145e-06	3.19145e-06	3.19145e-06
23.45	1.05864e-10	1.31412e-09	4.10650e-09	8.54492e-09	1.44084e-08	2.13969e-08	2.92096e-08	3.75894e-08	4.63507e-08	5.53750e-08	6.46630e-08	7.43809e-08	8.49320e-08	9.70759e-08	1.12077e-07	1.31969e-07	1.59926e-07	2.00785e-07	2.61778e-07	3.53371e-07	4.90083e-07	6.90988e-07	9.78831e-07	1.37593e-06	1.89236e-06	2.49780e-06	3.06216e-06	3.26130e-06	3.26130e-06	3.26130e-06	3.26130e-06	3.26130e-06	3.26130e-06	3.26130e-06	3.26130e-06	3.26130e-06	3.26130e-06	3.26130e-06	3.26130e-06	3.26130e-06	3.26130e-06	3.26130e-06	3.26130e-06	3.26130e-06	3.26130e-06	3.26130e-06	3.26130e-06	3.26130e-06	3.26130e-06	3.26130e-06	3.26130e-06	3.26130e-06	3.26130e-06	3.26130e-06	3.26130e-06	3.26130e-06	3.26130e-06	3.26130e-06	3.26130e-06	3.26130e-06	3.26130e-06	3.26130e-06	3.26130e-06	3.26130e-06	3.26130e-06	3.26130e-06	3.26130e-06	3.26130e-06	3.26130e-06	3.26130e-06	3.26130e-06	3.26130e-06	3.26130e-06	3.26130e-06	3.26130e-06	3.26130e-06
23.51	1.15116e-10	1.42891e-09	4.46481e-09	9.28931e-09	1.56602e-08	2.32480e-08	3.17194e-08	4.07837e-08	5.02198e-08	5.98658e-08	6.96669e-08	7.97120e-08	9.02902e-08	1.01987e-07	1.15796e-07	1.33340e-07	1.57178e-07	1.91244e-07	2.41490e-07	3.16653e-07	4.29113e-07	5.95679e-07	8.37595e-07	1.17858e-06	1.63780e-06	2.21161e-06	2.83378e-06	3.29172e-06	3.33131e-06	3.33131e-06	3.33131e-06	3.33131e-06	3.33131e-06	3.33131e-06	3.33131e-06	3.33131e-06	3.33131e-06	3.33131e-06	3.33131e-06	3.33131e-06	3.33131e-06	3.33131e-06	3.33131e-06	3.33131e-06	3.33131e-06	3.33131e-06	3.33131e-06	3.33131e-06	3.33131e-06	3.33131e-06	3.33131e-06	3.33131e-06	3.33131e-06	3.33131e-06	3.33131e-06	3.33131e-06	3.33131e-06	3.33131e-06	3.33131e-06	3.33131e-06	3.33131e-06	3.33131e-06	3.33131e-06	3.33131e-06	3.33131e-06	3.33131e-06	3.33131e-06	3.33131e-06	3.33131e-06	3.33131e-06	3.33131e-06	3.33131e-06	3.33131e-06	3.33131e-06	3.33131e-06	3.33131e-06
23.57	1.25181e-10	1.55378e-09	4.85474e-09	1.00996e-08	1.70236e-08	2.52658e-08	3.44590e-08	4.42786e-08	5.44687e-08	6.48277e-08	7.52518e-08	8.57655e-08	9.65645e-08	1.08093e-07	1.21127e-07	1.36957e-07	1.57635e-07	1.86351e-07	2.27970e-07	2.89726e-07	3.82049e-07	5.19461e-07	7.21104e-07	1.01013e-06	1.40982e-06	1.93218e-06	2.55176e-06	3.14861e-06	3.40154e-06	3.40154e-06	3.40154e-06	3.40154e-06	3.40154e-06	3.40154e-06	3.40154e-06	3.40154e-06	3.40154e-06	3.40154e-06	3.40154e-06	3.40154e-06	3.40154e-06	3.40154e-06	3.40154e-06	3.40154e-06	3.40154e-06	3.40154e-06	3.40154e-06	3.40154e-06	3.40154e-06	3.40154e-06	3.40154e-06	3.40154e-06	3.40154e-06	3.40154e-06	3.40154e-06	3.40154e-06	3.40154e-06	3.40154e-06	3.40154e-06	3.40154e-06	3.40154e-06	3.40154e-06	3.40154e-06	3.40154e-06	3.40154e-06	3.40154e-06	3.40154e-06	3.40154e-06	3.40154e-06	3.40154e-06	3.40154e-06	3.40154e-06	3.40154e-06	3.40154e-06	3.40154e-06	3.40154e-06
23.63	1.36128e-10	1.68961e-09	5.27894e-09	1.09813e-08	1.85078e-08	2.74638e-08	3.74464e-08	4.80957e-08	5.91217e-08	7.02847e-08	8.14376e-08	9.25497e-08	1.03740e-07	1.15339e-07	1.27948e-07	1.42585e-07	1.60894e-07	1.85449e-07	2.20209e-07	2.71124e-07	3.46891e-07	4.59873e-07	6.26881e-07	8.69389e-07	1.21171e-06	1.67419e-06	2.25644e-06	2.89908e-06	3.40409e-06	3.47222e-06	3.47222e-06	3.47222e-06	3.47222e-06	3.47222e-06	3.47222e-06	3.47222e-06	3.47222e-06	3.47222e-06	3.47222e-06	3.47222e-06	3.47222e-06	3.47222e-06	3.47222e-06	3.47222e-06	3.47222e-06	3.47222e-06	3.47222e-06	3.47222e-06	3.47222e-06	3.47222e-06	3.47222e-06	3.47222e-06	3.47222e-06	3.47222e-06	3.47222e-06	3.47222e-06	3.47222e-06	3.47222e-06	3.47222e-06	3.47222e-06	3.47222e-06	3.47222e-06	3.47222e-06	3.47222e-06	3.47222e-06	3.47222e-06	3.47222e-06	3.47222e-06	3.47222e-06	3.47222e-06	3.47222e-06	3.47222e-06	3.47222e-06	3.47222e-06	3.47222e-06	3.47222e-06
23.69	1.48035e-10	1.83736e-09	5.74038e-09	1.19407e-08	2.01231e-08	2.98571e-08	4.07014e-08	5.22596e-08	6.42070e-08	7.62669e-08	8.82526e-08	1.00085e-07	1.11821e-07	1.23697e-07	1.36173e-07	1.50052e-07	1.66644e-07	1.88018e-07	2.17386e-07	2.59613e-07	3.21894e-07	4.14627e-07	5.52305e-07	7.54183e-07	1.04375e-06	1.44499e-06	1.97201e-06	2.60394e-06	3.23085e-06	3.54347e-06	3.54347e-06	3.54347e-06	3.54347e-06	3.54347e-06	3.54347e-06	3.54347e-06	3.54347e-06	3.54347e-06	3.54347e-06	3.54347e-06	3.54347e-06	3.54347e-06	3.54347e-06	3.54347e-06	3.54347e-06	3.54347e-06	3.54347e-06	3.54347e-06	3.54347e-06	3.54347e-06	3.54347e-06	3.54347e-06	3.54347e-06	3.54347e-06	3.54347e-06	3.54347e-06	3.54347e-06	3.54347e-06	3.54347e-06	3.54347e-06	3.54347e-06	3.54347e-06	3.54347e-06	3.54347e-06	3.54347e-06	3.54347e-06	3.54347e-06	3.54347e-06	3.54347e-06	3.54347e-06	3.54347e-06	3.54347e-06	3.54347e-06	3.54347e-06	3.54347e-06	3.54347e-06
23.75	1.60984e-10	1.99806e-09	6.24230e-09	1.29843e-08	2.18807e-08	3.24619e-08	4.42460e-08	5.67977e-08	6.97569e-08	8.28099e-08	9.57325e-08	1.08404e-07	1.20827e-07	1.33163e-07	1.45758e-07	1.59240e-07	1.74652e-07	1.93653e-07	2.18841e-07	2.54173e-07	3.05565e-07	3.81680e-07	4.94831e-07	6.61873e-07	9.04459e-07	1.24726e-06	1.71195e-06	2.30113e-06	2.96228e-06	3.51147e-06	3.61542e-06	3.61542e-06	3.61542e-06	3.61542e-06	3.61542e-06	3.61542e-06	3.61542e-06	3.61542e-06	3.61542e-06	3.61542e-06	3.61542e-06	3.61542e-06	3.61542e-06	3.61542e-06	3.61542e-06	3.61542e-06	3.61542e-06	3.61542e-06	3.61542e-06	3.61542e-06	3.61542e-06	3.61542e-06	3.61542e-06	3.61542e-06	3.61542e-06	3.61542e-06	3.61542e-06	3.61542e-06	3.61542e-06	3.61542e-06	3.61542e-06	3.61542e-06	3.61542e-06	3.61542e-06	3.61542e-06	3.61542e-06	3.61542e-06	3.61542e-06	3.61542e-06	3.61542e-06	3.61542e-06	3.61542e-06	3.61542e-06	3.61542e-06	3.61542e-06	3.61542e-06
23.81	1.75067e-10	2.17283e-09	6.78822e-09	1.41195e-08	2.37928e-08	3.52964e-08	4.81046e-08	6.17407e-08	7.58075e-08	8.99543e-08	1.03921e-07	1.17548e-07	1.30791e-07	1.43752e-07	1.56685e-07	1.70077e-07	1.84755e-07	2.02050e-07	2.24054e-07	2.53979e-07	2.96659e-07	3.59258e-07	4.52118e-07	5.89731e-07	7.91429e-07	1.08084e-06	1.48276e-06	2.01320e-06	2.65587e-06	3.31060e-06	3.68666e-06	3.68833e-06	3.68833e-06	3.68833e-06	3.68833e-06	3.68833e-06	3.68833e-06	3.68833e-06	3.68833e-06	3.68833e-06	3.68833e-06	3.68833e-06	3.68833e-06	3.68833e-06	3.68833e-06	3.68833e-06	3.68833e-06	3.68833e-06	3.68833e-06	3.68833e-06	3.68833e-06	3.68833e-06	3.68833e-06	3.68833e-06	3.68833e-06	3.68833e-06	3.68833e-06	3.68833e-06	3.68833e-06	3.68833e-06	3.68833e-06	3.68833e-06	3.68833e-06	3.68833e-06	3.68833e-06	3.68833e-06	3.68833e-06	3.68833e-06	3.68833e-06	3.68833e-06	3.68833e-06	3.68833e-06	3.68833e-06	3.68833e-06	3.68833e-06	3.68833e-06
23.88	1.90382e-10	2.36290e-09	7.38197e-09	1.53542e-08	2.58727e-08	3.83804e-08	5.23036e-08	6.71222e-08	8.23994e-08	9.77466e-08	1.12867e-07	1.27567e-07	1.41761e-07	1.55501e-07	1.68965e-07	1.82529e-07	1.96848e-07	2.12985e-07	2.32628e-07	2.58371e-07	2.94153e-07	3.45856e-07	4.22091e-07	5.35145e-07	7.01886e-07	9.43978e-07	1.28655e-06	1.75244e-06	2.34727e-06	3.02513e-06	3.61540e-06	3.76229e-06	3.76229e-06	3.76229e-06	3.76229e-06	3.76229e-06	3.76229e-06	3.76229e-06	3.76229e-06	3.76229e-06	3.76229e-06	3.76229e-06	3.76229e-06	3.76229e-06	3.76229e-06	3.76229e-06	3.76229e-06	3.76229e-06	3.76229e-06	3.76229e-06	3.76229e-06	3.76229e-06	3.76229e-06	3.76229e-06	3.76229e-06	3.76229e-06	3.76229e-06	3.76229e-06	3.76229e-06	3.76229e-06	3.76229e-06	3.76229e-06	3.76229e-06	3.76229e-06	3.76229e-06	3.76229e-06	3.76229e-06	3.76229e-06	3.76229e-06	3.76229e-06	3.76229e-06	3.76229e-06	3.76229e-06	3.76229e-06	3.76229e-06	3.76229e-06
23.94	2.07039e-10	2.56963e-09	8.02771e-09	1.66971e-08	2.81351e-08	4.17351e-08	5.68724e-08	7.29793e-08	8.95774e-08	1.06238e-07	1.22629e-07	1.38521e-07	1.53796e-07	1.68459e-07	1.82631e-07	1.96596e-07	2.10873e-07	2.26311e-07	2.44268e-07	2.66841e-07	2.97223e-07	3.40225e-07	4.02959e-07	4.95733e-07	6.33014e-07	8.34067e-07	1.12276e-06	1.52454e-06	2.05736e-06	2.70937e-06	3.38942e-06	3.82592e-06	3.83763e-06	3.83763e-06	3.83763e-06	3.83763e-06	3.83763e-06	3.83763e-06	3.83763e-06	3.83763e-06	3.83763e-06	3.83763e-06	3.83763e-06	3.83763e-06	3.83763e-06	3.83763e-06	3.83763e-06	3.83763e-06	3.83763e-06	3.83763e-06	3.83763e-06	3.83763e-06	3.83763e-06	3.83763e-06	3.83763e-06	3.83763e-06	3.83763e-06	3.83763e-06	3.83763e-06	3.83763e-06	3.83763e-06	3.83763e-06	3.83763e-06	3.83763e-06	3.83763e-06	3.83763e-06	3.83763e-06	3.83763e-06	3.83763e-06	3.83763e-06	3.83763e-06	3.83763e-06	3.83763e-06	3.83763e-06	3.83763e-06	3.83763e-06
24.00	2.25154e-10	2.79443e-09	8.72999e-09	1.81577e-08	3.05957e-08	4.53841e-08	6.18428e-08	7.93524e-08	9.73906e-08	1.15486e-07	1.33271e-07	1.50481e-07	1.66965e-07	1.82694e-07	1.97738e-07	2.12309e-07	2.26815e-07	2.41937e-07	2.58769e-07	2.79003e-07	3.05224e-07	3.41348e-07	3.93218e-07	4.69402e-07	5.82146e-07	7.48213e-07	9.89357e-07	1.33104e-06	1.79730e-06	2.39666e-06	3.08927e-06	3.71774e-06	3.91440e-06	3.91440e-06	3.91440e-06	3.91440e-06	3.91440e-06	3.91440e-06	3.91440e-06	3.91440e-06	3.91440e-06	3.91440e-06	3.91440e-06	3.91440e-06	3.91440e-06	3.91440e-06	3.91440e-06	3.91440e-06	3.91440e-06	3.91440e-06	3.91440e-06	3.91440e-06	3.91440e-06	3.91440e-06	3.91440e-06	3.91440e-06	3.91440e-06	3.91440e-06	3.91440e-06	3.91440e-06	3.91440e-06	3.91440e-06	3.91440e-06	3.91440e-06	3.91440e-06	3.91440e-06	3.91440e-06	3.91440e-06	3.91440e-06	3.91440e-06	3.91440e-06	3.91440e-06	3.91440e-06	3.91440e-06	3.91440e-06	3.91440e-06
24.06	2.44854e-10	3.03892e-09	9.49376e-09	1.97461e-08	3.32719e-08	4.93530e-08	6.72493e-08	8.62860e-08	1.05893e-07	1.25555e-07	1.44863e-07	1.63523e-07	1.81351e-07	1.98287e-07	2.14359e-07	2.29721e-07	2.44696e-07	2.59828e-07	2.76002e-07	2.94582e-07	3.17660e-07	3.48415e-07	3.91623e-07	4.54358e-07	5.46876e-07	6.83524e-07	8.83570e-07	1.17101e-06	1.57199e-06	2.10631e-06	2.76610e-06	3.46925e-06	3.96238e-06	3.99293e-06	3.99293e-06	3.99293e-06	3.99293e-06	3.99293e-06	3.99293e-06	3.99293e-06	3.99293e-06	3.99293e-06	3.99293e-06	3.99293e-06	3.99293e-06	3.99293e-06	3.99293e-06	3.99293e-06	3.99293e-06	3.99293e-06	3.99293e-06	3.99293e-06	3.99293e-06	3.99293e-06	3.99293e-06	3.99293e-06	3.99293e-06	3.99293e-06	3.99293e-06	3.99293e-06	3.99293e-06	3.99293e-06	3.99293e-06	3.99293e-06	3.99293e-06	3.99293e-06	3.99293e-06	3.99293e-06	3.99293e-06	3.99293e-06	3.99293e-06	3.99293e-06	3.99293e-06	3.99293e-06	3.99293e-06	3.99293e-06
24.12	2.61639e-10	3.30018e-09	1.03197e-08	2.14690e-08	3.61778e-08	5.36651e-08	7.31253e-08	9.38240e-08	1.15139e-07	1.36507e-07	1.57480e-07	1.77729e-07	1.97040e-07	2.15326e-07	2.32579e-07	2.48908e-07	2.64564e-07	2.79988e-07	2.95895e-07	3.13390e-07	3.34164e-07	3.60794e-07	3.97169e-07	4.49098e-07	5.25098e-07	6.37292e-07	8.02394e-07	1.04216e-06	1.38243e-06	1.84837e-06	2.45105e-06	3.15669e-06	3.82031e-06	4.07329e-06	4.07329e-06	4.07329e-06	4.07329e-06	4.07329e-06	4.07329e-06	4.07329e-06	4.07329e-06	4.07329e-06	4.07329e-06	4.07329e-06	4.07329e-06	4.07329e-06	4.07329e-06	4.07329e-06	4.07329e-06	4.07329e-06	4.07329e-06	4.07329e-06	4.07329e-06	4.07329e-06	4.07329e-06	4.07329e-06	4.07329e-06	4.07329e-06	4.07329e-06	4.07329e-06	4.07329e-06	4.07329e-06	4.07329e-06	4.07329e-06	4.07329e-06	4.07329e-06	4.07329e-06	4.07329e-06	4.07329e-06	4.07329e-06	4.07329e-06	4.07329e-06	4.07329e-06	4.07329e-06	4.07329e-06	4.07329e-06
24.18	2.16790e-10	3.48516e-09	1.11189e-08	2.32436e-08	3.92390e-08	5.82557e-08	7.94171e-08	1.01924e-07	1.25098e-07	1.48326e-07	1.71115e-07	1.93101e-07	2.14042e-07	2.33825e-07	2.52412e-07	2.69874e-07	2.86408e-07	3.02370e-07	3.18344e-07	3.35228e-07	3.54390e-07	3.77919e-07	4.08974e-07	4.52303e-07	5.14933e-07	6.07003e-07	7.42788e-07	9.41484e-07	1.22725e-06	1.62689e-06	2.16177e-06	2.82802e-06	3.55186e-06	4.09773e-06	4.15565e-06	4.15565e-06	4.15565e-06	4.15565e-06	4.15565e-06	4.15565e-06	4.15565e-06	4.15565e-06	4.15565e-06	4.15565e-06	4.15565e-06	4.15565e-06	4.15565e-06	4.15565e-06	4.15565e-06	4.15565e-06	4.15565e-06	4.15565e-06	4.15565e-06	4.15565e-06	4.15565e-06	4.15565e-06	4.15565e-06	4.15565e-06	4.15565e-06	4.15565e-06	4.15565e-06	4.15565e-06	4.15565e-06	4.15565e-06	4.15565e-06	4.15565e-06	4.15565e-06	4.15565e-06	4.15565e-06	4.15565e-06	4.15565e-06	4.15565e-06	4.15565e-06	4.15565e-06	4.15565e-06	4.15565e-06
24.24	1.63913e-10	3.26833e-09	1.15700e-08	2.47554e-08	4.21502e-08	6.28302e-08	8.58421e-08	1.10316e-07	1.35514e-07	1.60765e-07	1.85534e-07	2.09417e-07	2.32144e-07	2.53577e-07	2.73654e-07	2.92413e-07	3.10008e-07	3.26731e-07	3.43061e-07	3.59733e-07	3.77857e-07	3.99128e-07	4.26109e-07	4.62669e-07	5.14574e-07	5.90237e-07	7.01697e-07	8.65564e-07	1.10362e-06	1.44206e-06	1.90694e-06	2.51191e-06	3.22867e-06	3.92437e-06	4.23978e-06	4.23978e-06	4.23978e-06	4.23978e-06	4.23978e-06	4.23978e-06	4.23978e-06	4.23978e-06	4.23978e-06	4.23978e-06	4.23978e-06	4.23978e-06	4.23978e-06	4.23978e-06	4.23978e-06	4.23978e-06	4.23978e-06	4.23978e-06	4.23978e-06	4.23978e-06	4.23978e-06	4.23978e-06	4.23978e-06	4.23978e-06	4.23978e-06	4.23978e-06	4.23978e-06	4.23978e-06	4.23978e-06	4.23978e-06	4.23978e-06	4.23978e-06	4.23978e-06	4.23978e-06	4.23978e-06	4.23978e-06	4.23978e-06	4.23978e-06	4.23978e-06	4.23978e-06	4.23978e-06	4.23978e-06
24.30	1.23931e-10	2.52091e-09	1.12729e-08	2.56120e-08	4.45286e-08	6.70176e-08	9.20421e-08	1.18656e-07	1.46055e-07	1.73510e-07	2.00433e-07	2.26386e-07	2.51065e-07	2.74312e-07	2.96039e-07	3.16259e-07	3.35093e-07	3.52780e-07	3.69721e-07	3.86521e-07	4.04087e-07	4.23796e-07	4.47729e-07	4.79033e-07	5.22419e-07	5.84822e-07	6.76300e-07	8.11006e-07	1.00809e-06	1.29186e-06	1.68958e-06	2.22423e-06	2.89544e-06	3.63753e-06	4.23209e-06	4.32538e-06	4.32538e-06	4.32538e-06	4.32538e-06	4.32538e-06	4.32538e-06	4.32538e-06	4.32538e-06	4.32538e-06	4.32538e-06	4.32538e-06	4.32538e-06	4.32538e-06	4.32538e-06	4.32538e-06	4.32538e-06	4.32538e-06	4.32538e-06	4.32538e-06	4.32538e-06	4.32538e-06	4.32538e-06	4.32538e-06	4.32538e-06	4.32538e-06	4.32538e-06	4.32538e-06	4.32538e-06	4.32538e-06	4.32538e-06	4.32538e-06	4.32538e-06	4.32538e-06	4.32538e-06	4.32538e-06	4.32538e-06	4.32538e-06	4.32538e-06	4.32538e-06	4.32538e-06	4.32538e-06
24.36	9.37025e-11	1.90605e-09	9.74863e-09	2.53424e-08	4.59141e-08	7.03705e-08	9.75838e-08	1.26525e-07	1.56319e-07	1.86171e-07	2.15441e-07	2.43649e-07	2.70460e-07	2.95692e-07	3.19237e-07	3.41086e-07	3.61332e-07	3.80177e-07	3.97959e-07	4.15183e-07	4.32596e-07	4.51321e-07	4.73051e-07	5.00344e-07	5.37039e-07	5.88825e-07	6.64036e-07	7.74593e-07	9.37015e-07	1.17312e-06	1.50926e-06	1.97248e-06	2.57857e-06	3.30454e-06	4.02906e-06	4.41209e-06	4.41209e-06	4.41209e-06	4.41209e-06	4.41209e-06	4.41209e-06	4.41209e-06	4.41209e-06	4.41209e-06	4.41209e-06	4.41209e-06	4.41209e-06	4.41209e-06	4.41209e-06	4.41209e-06	4.41209e-06	4.41209e-06	4.41209e-06	4.41209e-06	4.41209e-06	4.41209e-06	4.41209e-06	4.41209e-06	4.41209e-06	4.41209e-06	4.41209e-06	4.41209e-06	4.41209e-06	4.41209e-06	4.41209e-06	4.41209e-06	4.41209e-06	4.41209e-06	4.41209e-06	4.41209e-06	4.41209e-06	4.41209e-06	4.41209e-06	4.41209e-06	4.41209e-06	4.41209e-06
24.42	7.08472e-11	1.44111e-09	7.39547e-09	2.34045e-08	4.57760e-08	7.23720e-08	1.01966e-07	1.33438e-07	1.65837e-07	1.98297e-07	2.30122e-07	2.60785e-07	2.89920e-07	3.17322e-07	3.42863e-07	3.66515e-07	3.88349e-07	4.08538e-07	4.27374e-07	4.45284e-07	4.62889e-07	4.81114e-07	5.01340e-07	5.25648e-07	5.57162e-07	6.00528e-07	6.62616e-07	7.53368e-07	8.86831e-07	1.08211e-06	1.36353e-06	1.75887e-06	2.29237e-06	2.96702e-06	3.72477e-06	4.36331e-06	4.49929e-06	4.49929e-06	4.49929e-06	4.49929e-06	4.49929e-06	4.49929e-06	4.49929e-06	4.49929e-06	4.49929e-06	4.49929e-06	4.49929e-06	4.49929e-06	4.49929e-06	4.49929e-06	4.49929e-06	4.49929e-06	4.49929e-06	4.49929e-06	4.49929e-06	4.49929e-06	4.49929e-06	4.49929e-06	4.49929e-06	4.49929e-06	4.49929e-06	4.49929e-06	4.49929e-06	4.49929e-06	4.49929e-06	4.49929e-06	4.49929e-06	4.49929e-06	4.49929e-06	4.49929e-06	4.49929e-06	4.49929e-06	4.49929e-06	4.49929e-06	4.49929e-06	4.49929e-06
24.48	5.35664e-11	1.08960e-09	5.59166e-09	1.92449e-08	4.35740e-08	7.24970e-08	1.04680e-07	1.38905e-07	1.74137e-07	2.09435e-07	2.44039e-07	2.77375e-07	3.09043e-07	3.38813e-07	3.66539e-07	3.92175e-07	4.15777e-07	4.37494e-07	4.57586e-07	4.76419e-07	4.94518e-07	5.12651e-07	5.31954e-07	5.54122e-07	5.81697e-07	6.18468e-07	6.70063e-07	7.44719e-07	8.54244e-07	1.01508e-06	1.24894e-06	1.58245e-06	2.04328e-06	2.64931e-06	3.38242e-06	4.13183e-06	4.58113e-06	4.58656e-06	4.58656e-06	4.58656e-06	4.58656e-06	4.58656e-06	4.58656e-06	4.58656e-06	4.58656e-06	4.58656e-06	4.58656e-06	4.58656e-06	4.58656e-06	4.58656e-06	4.58656e-06	4.58656e-06	4.58656e-06	4.58656e-06	4.58656e-06	4.58656e-06	4.58656e-06	4.58656e-06	4.58656e-06	4.58656e-06	4.58656e-06	4.58656e-06	4.58656e-06	4.58656e-06	4.58656e-06	4.58656e-06	4.58656e-06	4.58656e-06	4.58656e-06	4.58656e-06	4.58656e-06	4.58656e-06	4.58656e-06	4.58656e-06	4.58656e-06	4.58656e-06
24.54	4.05010e-11	8.23833e-10	4.22771e-09	1.45497e-08	3.87474e-08	7.02010e-08	1.05199e-07	1.42418e-07	1.80732e-07	2.19116e-07	2.56744e-07	2.92990e-07	3.27415e-07	3.59768e-07	3.89880e-07	4.17693e-07	4.43249e-07	4.66681e-07	4.88224e-07	5.08201e-07	5.27062e-07	5.45456e-07	5.64321e-07	5.85048e-07	6.09709e-07	6.41386e-07	6.84679e-07	7.46369e-07	8.36295e-07	9.68405e-07	1.16166e-06	1.44046e-06	1.83286e-06	2.36427e-06	3.04075e-06	3.81091e-06	4.48796e-06	4.67310e-06	4.67310e-06	4.67310e-06	4.67310e-06	4.67310e-06	4.67310e-06	4.67310e-06	4.67310e-06	4.67310e-06	4.67310e-06	4.67310e-06	4.67310e-06	4.67310e-06	4.67310e-06	4.67310e-06	4.67310e-06	4.67310e-06	4.67310e-06	4.67310e-06	4.67310e-06	4.67310e-06	4.67310e-06	4.67310e-06	4.67310e-06	4.67310e-06	4.67310e-06	4.67310e-06	4.67310e-06	4.67310e-06	4.67310e-06	4.67310e-06	4.67310e-06	4.67310e-06	4.67310e-06	4.67310e-06	4.67310e-06	4.67310e-06	4.67310e-06	4.67310e-06
24.60	3.06223e-11	6.22888e-10	3.19651e-09	1.10009e-08	3.08195e-08	6.49081e-08	1.02969e-07	1.43444e-07	1.85109e-07	2.26850e-07	2.67767e-07	3.07178e-07	3.44606e-07	3.79772e-07	4.12489e-07	4.42684e-07	4.70390e-07	4.95727e-07	5.18915e-07	5.40246e-07	5.60114e-07	5.79075e-07	5.97914e-07	6.17782e-07	6.40372e-07	6.68193e-07	7.04997e-07	7.56339e-07	8.30361e-07	9.38771e-07	1.09784e-06	1.32927e-06	1.65970e-06	2.11742e-06	2.72209e-06	3.45968e-06	4.22930e-06	4.73799e-06	4.75852e-06	4.75852e-06	4.75852e-06	4.75852e-06	4.75852e-06	4.75852e-06	4.75852e-06	4.75852e-06	4.75852e-06	4.75852e-06	4.75852e-06	4.75852e-06	4.75852e-06	4.75852e-06	4.75852e-06	4.75852e-06	4.75852e-06	4.75852e-06	4.75852e-06	4.75852e-06	4.75852e-06	4.75852e-06	4.75852e-06	4.75852e-06	4.75852e-06	4.75852e-06	4.75852e-06	4.75852e-06	4.75852e-06	4.75852e-06	4.75852e-06	4.75852e-06	4.75852e-06	4.75852e-06	4.75852e-06	4.75852e-06	4.75852e-06	4.75852e-06
24.66	2.31531e-11	4.70959e-10	2.41684e-09	8.31750e-09	2.33023e-08	5.60637e-08	9.74544e-08	1.41470e-07	1.86781e-07	2.32172e-07	2.76667e-07	3.19523e-07	3.60218e-07	3.98447e-07	4.34003e-07	4.66800e-07	4.96863e-07	5.24305e-07	5.49334e-07	5.72224e-07	5.93327e-07	6.13128e-07	6.32298e-07	6.51795e-07	6.73012e-07	6.97997e-07	7.29805e-07	7.72976e-07	8.34208e-07	9.23245e-07	1.05387e-06	1.24495e-06	1.52079e-06	1.90968e-06	2.43799e-06	3.11411e-06	3.89273e-06	4.60223e-06	4.84262e-06	4.84262e-06	4.84262e-06	4.84262e-06	4.84262e-06	4.84262e-06	4.84262e-06	4.84262e-06	4.84262e-06	4.84262e-06	4.84262e-06	4.84262e-06	4.84262e-06	4.84262e-06	4.84262e-06	4.84262e-06	4.84262e-06	4.84262e-06	4.84262e-06	4.84262e-06	4.84262e-06	4.84262e-06	4.84262e-06	4.84262e-06	4.84262e-06	4.84262e-06	4.84262e-06	4.84262e-06	4.84262e-06	4.84262e-06	4.84262e-06	4.84262e-06	4.84262e-06	4.84262e-06	4.84262e-06	4.84262e-06	4.84262e-06	4.84262e-06
24.73	1.75052e-11	3.56085e-10	1.82734e-09	6.28874e-09	1.76186e-08	4.36255e-08	8.80567e-08	1.35924e-07	1.85198e-07	2.34560e-07	2.82946e-07	3.29548e-07	3.73798e-07	4.15361e-07	4.54011e-07	4.89646e-07	5.22287e-07	5.52043e-07	5.79117e-07	6.03769e-07	6.26325e-07	6.47218e-07	6.67029e-07	6.86570e-07	7.06997e-07	7.29986e-07	7.58028e-07	7.94827e-07	8.45871e-07	9.19213e-07	1.02640e-06	1.18360e-06	1.41232e-06	1.73923e-06	2.19304e-06	2.79459e-06	3.53335e-06	4.31797e-06	4.87862e-06	4.87862e-06	4.87862e-06	4.87862e-06	4.87862e-06	4.87862e-06	4.87862e-06	4.87862e-06	4.87862e-06	4.87862e-06	4.87862e-06	4.87862e-06	4.87862e-06	4.87862e-06	4.87862e-06	4.87862e-06	4.87862e-06	4.87862e-06	4.87862e-06	4.87862e-06	4.87862e-06	4.87862e-06	4.87862e-06	4.87862e-06	4.87862e-06	4.87862e-06	4.87862e-06	4.87862e-06	4.87862e-06	4.87862e-06	4.87862e-06	4.87862e-06	4.87862e-06	4.87862e-06	4.87862e-06	4.87862e-06	4.87862e-06	4.87862e-06
24.79	1.32358e-11	2.69230e-10	1.38163e-09	4.75483e-09	1.33210e-08	3.29848e-08	7.42186e-08	1.26274e-07	1.79859e-07	2.33540e-07	2.86158e-07	3.36835e-07	3.84952e-07	4.30144e-07	4.72161e-07	5.10891e-07	5.46347e-07	5.78638e-07	6.07968e-07	6.34589e-07	6.58811e-07	6.81030e-07	7.01763e-07	7.21707e-07	7.41833e-07	7.63522e-07	7.88813e-07	8.20723e-07	8.63737e-07	9.24478e-07	1.01255e-06	1.14160e-06	1.33030e-06	1.60283e-06	1.98758e-06	2.51138e-06	3.18440e-06	3.96703e-06	4.70093e-06	4.70093e-06	4.70093e-06	4.70093e-06	4.70093e-06	4.70093e-06	4.70093e-06	4.70093e-06	4.70093e-06	4.70093e-06	4.70093e-06	4.70093e-06	4.70093e-06	4.70093e-06	4.70093e-06	4.70093e-06	4.70093e-06	4.70093e-06	4.70093e-06	4.70093e-06	4.70093e-06	4.70093e-06	4.70093e-06	4.70093e-06	4.70093e-06	4.70093e-06	4.70093e-06	4.70093e-06	4.70093e-06	4.70093e-06	4.70093e-06	4.70093e-06	4.70093e-06	4.70093e-06	4.70093e-06	4.70093e-06	4.70093e-06	4.70093e-06
24.85	1.00074e-11	2.03562e-10	1.04463e-09	3.59506e-09	1.00718e-08	2.49391e-08	5.69092e-08	1.11914e-07	1.70188e-07	2.28565e-07	2.85786e-07	3.40895e-07	3.93218e-07	4.42359e-07	4.88041e-07	5.30141e-07	5.68668e-07	6.03731e-07	6.35539e-07	6.64344e-07	6.90445e-07	7.14217e-07	7.36127e-07	7.56790e-07	7.77032e-07	7.98003e-07	8.21378e-07	8.49620e-07	8.86390e-07	9.37110e-07	1.00971e-06	1.11562e-06	1.27078e-06	1.49653e-06	1.81942e-06	2.26818e-06	2.86436e-06	3.60057e-06	4.39221e-06	4.39221e-06	4.39221e-06	4.39221e-06	4.39221e-06	4.39221e-06	4.39221e-06	4.39221e-06	4.39221e-06	4.39221e-06	4.39221e-06	4.39221e-06	4.39221e-06	4.39221e-06	4.39221e-06	4.39221e-06	4.39221e-06	4.39221e-06	4.39221e-06	4.39221e-06	4.39221e-06	4.39221e-06	4.39221e-06	4.39221e-06	4.39221e-06	4.39221e-06	4.39221e-06	4.39221e-06	4.39221e-06	4.39221e-06	4.39221e-06	4.39221e-06	4.39221e-06	4.39221e-06	4.39221e-06	4.39221e-06	4.39221e-06	4.39221e-06
24.91	7.56642e-12	1.53911e-10	7.89825e-10	2.71818e-09	7.61515e-09	1.88561e-08	4.30284e-08	9.22663e-08	1.55639e-07	2.19123e-07	2.81350e-07	3.41279e-07	3.98178e-07	4.51614e-07	5.01285e-07	5.47054e-07	5.88927e-07	6.27018e-07	6.61541e-07	6.92752e-07	7.20950e-07	7.46495e-07	7.69825e-07	7.91490e-07	8.12210e-07	8.32953e-07	8.55106e-07	8.80687e-07	9.12682e-07	9.55522e-07	1.01572e-06	1.10278e-06	1.23014e-06	1.41625e-06	1.68509e-06	2.06479e-06	2.58222e-06	3.24905e-06	4.02825e-06	4.02825e-06	4.02825e-06	4.02825e-06	4.02825e-06	4.02825e-06	4.02825e-06	4.02825e-06	4.02825e-06	4.02825e-06	4.02825e-06	4.02825e-06	4.02825e-06	4.02825e-06	4.02825e-06	4.02825e-06	4.02825e-06	4.02825e-06	4.02825e-06	4.02825e-06	4.02825e-06	4.02825e-06	4.02825e-06	4.02825e-06	4.02825e-06	4.02825e-06	4.02825e-06	4.02825e-06	4.02825e-06	4.02825e-06	4.02825e-06	4.02825e-06	4.02825e-06	4.02825e-06	4.02825e-06	4.02825e-06	4.02825e-06	4.02825e-06
24.97	5.72092e-12	1.16369e-10	5.97180e-10	2.05517e-09	5.75772e-09	1.42568e-08	3.25328e-08	7.00978e-08	1.35616e-07	2.04655e-07	2.72326e-07	3.37498e-07	3.99373e-07	4.57480e-07	5.11491e-07	5.61254e-07	6.06772e-07	6.48164e-07	6.85654e-07	7.19508e-07	7.50028e-07	7.77569e-07	8.02551e-07	8.25481e-07	8.46999e-07	8.67933e-07	8.89443e-07	9.13193e-07	9.41623e-07	9.78352e-07	1.02871e-06	1.10054e-06	1.20507e-06	1.35804e-06	1.58051e-06	1.89866e-06	2.34087e-06	2.92912e-06	3.65606e-06	3.65606e-06	3.65606e-06	3.65606e-06	3.65606e-06	3.65606e-06	3.65606e-06	3.65606e-06	3.65606e-06	3.65606e-06	3.65606e-06	3.65606e-06	3.65606e-06	3.65606e-06	3.65606e-06	3.65606e-06	3.65606e-06	3.65606e-06	3.65606e-06	3.65606e-06	3.65606e-06	3.65606e-06	3.65606e-06	3.65606e-06	3.65606e-06	3.65606e-06	3.65606e-06	3.65606e-06	3.65606e-06	3.65606e-06	3.65606e-06	3.65606e-06	3.65606e-06	3.65606e-06	3.65606e-06	3.65606e-06	3.65606e-06	3.65606e-06
25.03	4.32551e-12	8.79851e-11	4.51520e-10	1.55388e-09	4.35333e-09	1.07794e-08	2.45976e-08	5.30002e-08	1.09505e-07	1.84585e-07	2.58177e-07	3.29050e-07	3.96338e-07	4.59526e-07	5.18257e-07	5.72366e-07	6.21853e-07	6.66841e-07	7.07570e-07	7.44318e-07	7.77395e-07	8.07160e-07	8.34023e-07	8.58467e-07	8.81071e-07	9.02560e-07	9.23918e-07	9.46526e-07	9.72390e-07	1.00446e-06	1.04710e-06	1.10674e-06	1.19271e-06	1.31825e-06	1.50154e-06	1.76611e-06	2.13954e-06	2.64851e-06	3.30325e-06	3.30325e-06	3.30325e-06	3.30325e-06	3.30325e-06	3.30325e-06	3.30325e-06	3.30325e-06	3.30325e-06	3.30325e-06	3.30325e-06	3.30325e-06	3.30325e-06	3.30325e-06	3.30325e-06	3.30325e-06	3.30325e-06	3.30325e-06	3.30325e-06	3.30325e-06	3.30325e-06	3.30325e-06	3.30325e-06	3.30325e-06	3.30325e-06	3.30325e-06	3.30325e-06	3.30325e-06	3.30325e-06	3.30325e-06	3.30325e-06	3.30325e-06	3.30325e-06	3.30325e-06	3.30325e-06	3.30325e-06	3.30325e-06	3.30325e-06
25.09	3.27046e-12	6.65246e-11	3.41387e-10	1.17488e-09	3.29149e-09	8.15015e-09	1.85979e-08	4.00723e-08	8.28308e-08	1.58338e-07	2.38368e-07	3.15442e-07	3.88616e-07	4.57331e-07	5.21198e-07	5.80034e-07	6.33840e-07	6.82745e-07	7.27006e-07	7.66916e-07	8.02798e-07	8.35023e-07	8.63999e-07	8.90197e-07	9.14155e-07	9.36522e-07	9.58147e-07	9.80192e-07	1.00431e-06	1.03293e-06	1.06960e-06	1.11959e-06	1.19058e-06	1.29364e-06	1.44423e-06	1.66297e-06	1.97539e-06	2.40934e-06	2.98458e-06	2.98458e-06	2.98458e-06	2.98458e-06	2.98458e-06	2.98458e-06	2.98458e-06	2.98458e-06	2.98458e-06	2.98458e-06	2.98458e-06	2.98458e-06	2.98458e-06	2.98458e-06	2.98458e-06	2.98458e-06	2.98458e-06	2.98458e-06	2.98458e-06	2.98458e-06	2.98458e-06	2.98458e-06	2.98458e-06	2.98458e-06	2.98458e-06	2.98458e-06	2.98458e-06	2.98458e-06	2.98458e-06	2.98458e-06	2.98458e-06	2.98458e-06	2.98458e-06	2.98458e-06	2.98458e-06	2.98458e-06	2.98458e-06	2.98458e-06
25.15	2.47277e-12	5.02984e-11	2.58119e-10	8.88309e-10	2.48864e-09	6.16221e-09	1.40616e-08	3.02981e-08	6.26274e-08	1.25328e-07	2.12292e-07	2.96109e-07	3.75685e-07	4.50410e-07	5.19862e-07	5.83841e-07	6.42346e-07	6.95516e-07	7.43625e-07	7.86985e-07	8.25939e-07	8.60870e-07	8.92198e-07	9.20386e-07	9.45954e-07	9.69492e-07	9.91750e-07	1.01372e-06	1.03679e-06	1.06293e-06	1.09507e-06	1.13750e-06	1.19654e-06	1.28134e-06	1.40492e-06	1.58502e-06	1.84452e-06	2.21030e-06	2.70650e-06	2.70650e-06	2.70650e-06	2.70650e-06	2.70650e-06	2.70650e-06	2.70650e-06	2.70650e-06	2.70650e-06	2.70650e-06	2.70650e-06	2.70650e-06	2.70650e-06	2.70650e-06	2.70650e-06	2.70650e-06	2.70650e-06	2.70650e-06	2.70650e-06	2.70650e-06	2.70650e-06	2.70650e-06	2.70650e-06	2.70650e-06	2.70650e-06	2.70650e-06	2.70650e-06	2.70650e-06	2.70650e-06	2.70650e-06	2.70650e-06	2.70650e-06	2.70650e-06	2.70650e-06	2.70650e-06	2.70650e-06	2.70650e-06	2.70650e-06
25.21	1.86961e-12	3.80300e-11	1.95160e-10	6.71637e-10	1.88164e-09	4.65916e-09	1.06318e-08	2.29080e-08	4.73512e-08	9.47587e-08	1.79386e-07	2.70537e-07	3.57074e-07	4.38336e-07	5.13863e-07	5.83436e-07	6.47053e-07	7.04864e-07	7.57163e-07	8.04285e-07	8.46594e-07	8.84494e-07	9.18419e-07	9.48839e-07	9.76263e-07	1.00125e-06	1.02446e-06	1.04678e-06	1.06936e-06	1.09386e-06	1.12265e-06	1.15926e-06	1.20884e-06	1.27894e-06	1.38042e-06	1.52834e-06	1.74270e-06	2.04829e-06	2.47034e-06	2.47034e-06	2.47034e-06	2.47034e-06	2.47034e-06	2.47034e-06	2.47034e-06	2.47034e-06	2.47034e-06	2.47034e-06	2.47034e-06	2.47034e-06	2.47034e-06	2.47034e-06	2.47034e-06	2.47034e-06	2.47034e-06	2.47034e-06	2.47034e-06	2.47034e-06	2.47034e-06	2.47034e-06	2.47034e-06	2.47034e-06	2.47034e-06	2.47034e-06	2.47034e-06	2.47034e-06	2.47034e-06	2.47034e-06	2.47034e-06	2.47034e-06	2.47034e-06	2.47034e-06	2.47034e-06	2.47034e-06	2.47034e-06	2.47034e-06
25.27	1.41359e-12	2.87539e-11	1.47558e-10	5.07817e-10	1.42268e-09	3.52272e-09	8.03856e-09	1.73204e-08	3.58016e-08	7.16459e-08	1.39691e-07	2.38093e-07	3.32202e-07	4.20574e-07	5.02707e-07	5.78365e-07	6.47543e-07	7.10403e-07	7.67263e-07	8.18484e-07	8.64453e-07	9.05602e-07	9.42383e-07	9.75282e-07	1.00481e-06	1.03150e-06	1.05597e-06	1.07900e-06	1.10159e-06	1.12512e-06	1.15154e-06	1.18375e-06	1.22594e-06	1.28433e-06	1.36788e-06	1.48927e-06	1.66567e-06	1.91921e-06	2.27431e-06	2.27431e-06	2.27431e-06	2.27431e-06	2.27431e-06	2.27431e-06	2.27431e-06	2.27431e-06	2.27431e-06	2.27431e-06	2.27431e-06	2.27431e-06	2.27431e-06	2.27431e-06	2.27431e-06	2.27431e-06	2.27431e-06	2.27431e-06	2.27431e-06	2.27431e-06	2.27431e-06	2.27431e-06	2.27431e-06	2.27431e-06	2.27431e-06	2.27431e-06	2.27431e-06	2.27431e-06	2.27431e-06	2.27431e-06	2.27431e-06	2.27431e-06	2.27431e-06	2.27431e-06	2.27431e-06	2.27431e-06	2.27431e-06	2.27431e-06
25.33	1.06880e-12	2.17404e-11	1.11567e-10	3.83953e-10	1.07567e-09	2.66349e-09	6.07783e-09	1.30957e-08	2.70691e-08	5.41700e-08	1.05619e-07	1.98209e-07	3.00551e-07	3.96655e-07	4.85973e-07	5.68249e-07	6.43476e-07	7.11830e-07	7.73654e-07	8.29337e-07	8.79296e-07	9.23992e-07	9.63904e-07	9.99540e-07	1.03142e-06	1.06006e-06	1.08608e-06	1.11015e-06	1.13317e-06	1.15629e-06	1.18116e-06	1.21013e-06	1.24666e-06	1.29580e-06	1.36495e-06	1.46466e-06	1.60949e-06	1.81877e-06	2.11500e-06	2.11500e-06	2.11500e-06	2.11500e-06	2.11500e-06	2.11500e-06	2.11500e-06	2.11500e-06	2.11500e-06	2.11500e-06	2.11500e-06	2.11500e-06	2.11500e-06	2.11500e-06	2.11500e-06	2.11500e-06	2.11500e-06	2.11500e-06	2.11500e-06	2.11500e-06	2.11500e-06	2.11500e-06	2.11500e-06	2.11500e-06	2.11500e-06	2.11500e-06	2.11500e-06	2.11500e-06	2.11500e-06	2.11500e-06	2.11500e-06	2.11500e-06	2.11500e-06	2.11500e-06	2.11500e-06	2.11500e-06	2.11500e-06	2.11500e-06
25.39	8.08100e-13	1.64377e-11	8.43539e-11	2.90302e-10	8.13300e-10	2.01383e-09	4.59535e-09	9.90149e-09	2.04666e-08	4.09571e-08	7.98569e-08	1.52407e-07	2.61492e-07	3.66004e-07	4.63136e-07	5.52609e-07	6.34415e-07	7.08744e-07	7.75969e-07	8.36509e-07	8.90815e-07	9.39380e-07	9.82718e-07	1.02136e-06	1.05585e-06	1.08671e-06	1.11452e-06	1.13994e-06	1.16375e-06	1.18697e-06	1.21096e-06	1.23767e-06	1.26992e-06	1.31186e-06	1.36955e-06	1.45170e-06	1.57056e-06	1.74268e-06	1.98819e-06	1.98819e-06	1.98819e-06	1.98819e-06	1.98819e-06	1.98819e-06	1.98819e-06	1.98819e-06	1.98819e-06	1.98819e-06	1.98819e-06	1.98819e-06	1.98819e-06	1.98819e-06	1.98819e-06	1.98819e-06	1.98819e-06	1.98819e-06	1.98819e-06	1.98819e-06	1.98819e-06	1.98819e-06	1.98819e-06	1.98819e-06	1.98819e-06	1.98819e-06	1.98819e-06	1.98819e-06	1.98819e-06	1.98819e-06	1.98819e-06	1.98819e-06	1.98819e-06	1.98819e-06	1.98819e-06	1.98819e-06	1.98819e-06	1.98819e-06
25.45	6.10994e-13	1.24283e-11	6.37788e-11	2.19494e-10	6.14925e-10	1.52263e-09	3.47451e-09	7.48637e-09	1.54745e-08	3.09671e-08	6.03781e-08	1.15233e-07	2.14417e-07	3.28074e-07	4.33704e-07	5.31004e-07	6.19966e-07	7.00795e-07	7.73895e-07	8.39721e-07	8.98759e-07	9.51542e-07	9.98619e-07	1.04056e-06	1.07792e-06	1.11125e-06	1.14113e-06	1.16818e-06	1.19312e-06	1.21684e-06	1.24052e-06	1.26577e-06	1.29491e-06	1.33133e-06	1.37999e-06	1.44807e-06	1.54574e-06	1.68703e-06	1.88952e-06	1.88952e-06	1.88952e-06	1.88952e-06	1.88952e-06	1.88952e-06	1.88952e-06	1.88952e-06	1.88952e-06	1.88952e-06	1.88952e-06	1.88952e-06	1.88952e-06	1.88952e-06	1.88952e-06	1.88952e-06	1.88952e-06	1.88952e-06	1.88952e-06	1.88952e-06	1.88952e-06	1.88952e-06	1.88952e-06	1.88952e-06	1.88952e-06	1.88952e-06	1.88952e-06	1.88952e-06	1.88952e-06	1.88952e-06	1.88952e-06	1.88952e-06	1.88952e-06	1.88952e-06	1.88952e-06	1.88952e-06	1.88952e-06	1.88952e-06
25.51	4.61964e-13	9.39685e-12	4.82223e-11	1.65956e-10	4.64937e-10	1.15124e-09	2.62702e-09	5.66036e-09	1.17000e-08	2.34138e-08	4.56510e-08	8.71252e-08	1.63360e-07	2.82248e-07	3.97120e-07	5.02933e-07	5.99676e-07	6.87575e-07	7.67065e-07	8.38643e-07	9.02832e-07	9.60208e-07	1.01136e-06	1.05690e-06	1.09743e-06	1.13350e-06	1.16570e-06	1.19465e-06	1.22102e-06	1.24563e-06	1.26948e-06	1.29394e-06	1.32093e-06	1.35322e-06	1.39487e-06	1.45176e-06	1.53230e-06	1.64826e-06	1.81472e-06	1.81472e-06	1.81472e-06	1.81472e-06	1.81472e-06	1.81472e-06	1.81472e-06	1.81472e-06	1.81472e-06	1.81472e-06	1.81472e-06	1.81472e-06	1.81472e-06	1.81472e-06	1.81472e-06	1.81472e-06	1.81472e-06	1.81472e-06	1.81472e-06	1.81472e-06	1.81472e-06	1.81472e-06	1.81472e-06	1.81472e-06	1.81472e-06	1.81472e-06	1.81472e-06	1.81472e-06	1.81472e-06	1.81472e-06	1.81472e-06	1.81472e-06	1.81472e-06	1.81472e-06	1.81472e-06	1.81472e-06	1.81472e-06	1.81472e-06
25.57	3.49285e-13	7.10483e-12	3.64602e-11	1.25477e-10	3.51533e-10	8.70438e-10	1.98626e-09	4.27973e-09	8.84623e-09	1.77029e-08	3.45161e-08	6.58742e-08	1.23515e-07	2.27872e-07	3.52796e-07	4.67867e-07	5.73073e-07	6.68660e-07	7.55102e-07	8.32935e-07	9.02730e-07	9.65107e-07	1.02071e-06	1.07018e-06	1.11416e-06	1.15325e-06	1.18805e-06	1.21917e-06	1.24726e-06	1.27309e-06	1.29753e-06	1.32176e-06	1.34739e-06	1.37669e-06	1.41299e-06	1.46109e-06	1.52792e-06	1.62325e-06	1.75987e-06	1.75987e-06	1.75987e-06	1.75987e-06	1.75987e-06	1.75987e-06	1.75987e-06	1.75987e-06	1.75987e-06	1.75987e-06	1.75987e-06	1.75987e-06	1.75987e-06	1.75987e-06	1.75987e-06	1.75987e-06	1.75987e-06	1.75987e-06	1.75987e-06	1.75987e-06	1.75987e-06	1.75987e-06	1.75987e-06	1.75987e-06	1.75987e-06	1.75987e-06	1.75987e-06	1.75987e-06	1.75987e-06	1.75987e-06	1.75987e-06	1.75987e-06	1.75987e-06	1.75987e-06	1.75987e-06	1.75987e-06	1.75987e-06	1.75987e-06
25.64	2.64089e-13	5.37187e-12	2.75671e-11	9.48715e-11	2.65789e-10	6.58126e-10	1.50178e-09	3.23584e-09	6.68854e-09	1.33849e-08	2.60972e-08	4.98065e-08	9.33868e-08	1.72631e-07	3.00128e-07	4.25266e-07	5.39677e-07	6.43626e-07	7.37628e-07	8.22266e-07	8.98158e-07	9.65980e-07	1.02642e-06	1.08018e-06	1.12795e-06	1.17035e-06	1.20801e-06	1.24157e-06	1.27167e-06	1.29902e-06	1.32442e-06	1.34892e-06	1.37384e-06	1.40110e-06	1.43342e-06	1.47471e-06	1.53066e-06	1.60935e-06	1.72150e-06	1.72150e-06	1.72150e-06	1.72150e-06	1.72150e-06	1.72150e-06	1.72150e-06	1.72150e-06	1.72150e-06	1.72150e-06	1.72150e-06	1.72150e-06	1.72150e-06	1.72150e-06	1.72150e-06	1.72150e-06	1.72150e-06	1.72150e-06	1.72150e-06	1.72150e-06	1.72150e-06	1.72150e-06	1.72150e-06	1.72150e-06	1.72150e-06	1.72150e-06	1.72150e-06	1.72150e-06	1.72150e-06	1.72150e-06	1.72150e-06	1.72150e-06	1.72150e-06	1.72150e-06	1.72150e-06	1.72150e-06	1.72150e-06	1.72150e-06
25.70	1.99675e-13	4.06160e-12	2.08431e-11	7.17310e-11	2.00959e-10	4.97601e-10	1.13548e-09	2.44657e-09	5.05712e-09	1.01201e-08	1.97317e-08	3.76580e-08	7.06085e-08	1.30524e-07	2.38411e-07	3.74499e-07	4.98921e-07	6.11963e-07	7.14188e-07	8.06227e-07	8.88753e-07	9.62498e-07	1.02821e-06	1.08664e-06	1.13854e-06	1.18456e-06	1.22539e-06	1.26166e-06	1.29404e-06	1.32320e-06	1.34991e-06	1.37508e-06	1.39988e-06	1.42588e-06	1.45533e-06	1.49145e-06	1.53887e-06	1.60425e-06	1.69650e-06	1.69650e-06	1.69650e-06	1.69650e-06	1.69650e-06	1.69650e-06	1.69650e-06	1.69650e-06	1.69650e-06	1.69650e-06	1.69650e-06	1.69650e-06	1.69650e-06	1.69650e-06	1.69650e-06	1.69650e-06	1.69650e-06	1.69650e-06	1.69650e-06	1.69650e-06	1.69650e-06	1.69650e-06	1.69650e-06	1.69650e-06	1.69650e-06	1.69650e-06	1.69650e-06	1.69650e-06	1.69650e-06	1.69650e-06	1.69650e-06	1.69650e-06	1.69650e-06	1.69650e-06	1.69650e-06	1.69650e-06	1.69650e-06	1.69650e-06
25.76	1.50971e-13	3.07092e-12	1.57592e-11	5.42348e-11	1.51943e-10	3.76229e-10	8.58521e-10	1.84982e-09	3.82361e-09	7.65171e-09	1.49189e-08	2.84727e-08	5.33861e-08	9.86869e-08	1.80249e-07	3.14964e-07	4.50271e-07	5.73204e-07	6.84371e-07	7.84461e-07	8.74202e-07	9.54390e-07	1.02583e-06	1.08936e-06	1.14575e-06	1.19574e-06	1.24003e-06	1.27931e-06	1.31424e-06	1.34551e-06	1.37384e-06	1.40006e-06	1.42520e-06	1.45060e-06	1.47812e-06	1.51040e-06	1.55124e-06	1.60609e-06	1.68231e-06	1.68231e-06	1.68231e-06	1.68231e-06	1.68231e-06	1.68231e-06	1.68231e-06	1.68231e-06	1.68231e-06	1.68231e-06	1.68231e-06	1.68231e-06	1.68231e-06	1.68231e-06	1.68231e-06	1.68231e-06	1.68231e-06	1.68231e-06	1.68231e-06	1.68231e-06	1.68231e-06	1.68231e-06	1.68231e-06	1.68231e-06	1.68231e-06	1.68231e-06	1.68231e-06	1.68231e-06	1.68231e-06	1.68231e-06	1.68231e-06	1.68231e-06	1.68231e-06	1.68231e-06	1.68231e-06	1.68231e-06	1.68231e-06	1.68231e-06
25.82	1.14147e-13	2.32188e-12	1.19153e-11	4.10062e-11	1.14882e-10	2.84461e-10	6.49116e-10	1.39863e-09	2.89099e-09	5.78536e-09	1.12799e-08	2.15278e-08	4.03645e-08	7.46158e-08	1.36284e-07	2.46350e-07	3.93066e-07	5.26754e-07	6.47647e-07	7.56492e-07	8.54082e-07	9.41279e-07	1.01896e-06	1.08803e-06	1.14933e-06	1.20364e-06	1.25172e-06	1.29430e-06	1.33207e-06	1.36572e-06	1.39597e-06	1.42359e-06	1.44949e-06	1.47484e-06	1.50121e-06	1.53077e-06	1.56662e-06	1.61323e-06	1.67665e-06	1.67665e-06	1.67665e-06	1.67665e-06	1.67665e-06	1.67665e-06	1.67665e-06	1.67665e-06	1.67665e-06	1.67665e-06	1.67665e-06	1.67665e-06	1.67665e-06	1.67665e-06	1.67665e-06	1.67665e-06	1.67665e-06	1.67665e-06	1.67665e-06	1.67665e-06	1.67665e-06	1.67665e-06	1.67665e-06	1.67665e-06	1.67665e-06	1.67665e-06	1.67665e-06	1.67665e-06	1.67665e-06	1.67665e-06	1.67665e-06	1.67665e-06	1.67665e-06	1.67665e-06	1.67665e-06	1.67665e-06	1.67665e-06	1.67665e-06
25.88	8.63052e-14	1.75554e-12	9.00900e-12	3.10043e-11	8.68605e-11	2.15077e-10	4.90787e-10	1.05748e-09	2.18584e-09	4.37422e-09	8.52864e-09	1.62769e-08	3.05190e-08	5.64159e-08	1.03042e-07	1.86262e-07	3.26680e-07	4.72065e-07	6.03534e-07	7.21901e-07	8.28027e-07	9.22848e-07	1.00732e-06	1.08241e-06	1.14905e-06	1.20808e-06	1.26031e-06	1.30650e-06	1.34741e-06	1.38373e-06	1.41619e-06	1.44552e-06	1.47256e-06	1.49835e-06	1.52421e-06	1.55195e-06	1.58414e-06	1.62440e-06	1.67772e-06	1.67772e-06	1.67772e-06	1.67772e-06	1.67772e-06	1.67772e-06	1.67772e-06	1.67772e-06	1.67772e-06	1.67772e-06	1.67772e-06	1.67772e-06	1.67772e-06	1.67772e-06	1.67772e-06	1.67772e-06	1.67772e-06	1.67772e-06	1.67772e-06	1.67772e-06	1.67772e-06	1.67772e-06	1.67772e-06	1.67772e-06	1.67772e-06	1.67772e-06	1.67772e-06	1.67772e-06	1.67772e-06	1.67772e-06	1.67772e-06	1.67772e-06	1.67772e-06	1.67772e-06	1.67772e-06	1.67772e-06	1.67772e-06	1.67772e-06
25.94	6.52542e-14	1.32734e-12	6.81158e-12	2.34419e-11	6.56740e-11	1.62617e-10	3.71078e-10	7.99548e-10	1.65268e-09	3.30730e-09	6.44839e-09	1.23067e-08	2.30750e-08	4.26553e-08	7.79085e-08	1.40830e-07	2.52293e-07	4.08461e-07	5.51432e-07	6.80155e-07	7.95564e-07	8.98678e-07	9.90535e-07	1.07219e-06	1.14464e-06	1.20880e-06	1.26555e-06	1.31570e-06	1.36006e-06	1.39935e-06	1.43430e-06	1.46564e-06	1.49417e-06	1.52082e-06	1.54672e-06	1.57342e-06	1.60301e-06	1.63850e-06	1.68394e-06	1.68394e-06	1.68394e-06	1.68394e-06	1.68394e-06	1.68394e-06	1.68394e-06	1.68394e-06	1.68394e-06	1.68394e-06	1.68394e-06	1.68394e-06	1.68394e-06	1.68394e-06	1.68394e-06	1.68394e-06	1.68394e-06	1.68394e-06	1.68394e-06	1.68394e-06	1.68394e-06	1.68394e-06	1.68394e-06	1.68394e-06	1.68394e-06	1.68394e-06	1.68394e-06	1.68394e-06	1.68394e-06	1.68394e-06	1.68394e-06	1.68394e-06	1.68394e-06	1.68394e-06	1.68394e-06	1.68394e-06	1.68394e-06	1.68394e-06
26.00	4.93378e-14	1.00358e-12	5.15015e-12	1.77241e-11	4.96553e-11	1.22953e-10	2.80567e-10	6.04527e-10	1.24957e-09	2.50060e-09	4.87553e-09	9.30498e-09	1.74467e-08	3.22511e-08	5.89055e-08	1.06479e-07	1.90755e-07	3.35269e-07	4.90750e-07	6.30734e-07	7.56240e-07	8.68373e-07	9.68263e-07	1.05705e-06	1.13583e-06	1.20558e-06	1.26725e-06	1.32174e-06	1.36987e-06	1.41243e-06	1.45017e-06	1.48383e-06	1.51417e-06	1.54204e-06	1.56847e-06	1.59476e-06	1.62267e-06	1.65465e-06	1.69404e-06	1.69404e-06	1.69404e-06	1.69404e-06	1.69404e-06	1.69404e-06	1.69404e-06	1.69404e-06	1.69404e-06	1.69404e-06	1.69404e-06	1.69404e-06	1.69404e-06	1.69404e-06	1.69404e-06	1.69404e-06	1.69404e-06	1.69404e-06	1.69404e-06	1.69404e-06	1.69404e-06	1.69404e-06	1.69404e-06	1.69404e-06	1.69404e-06	1.69404e-06	1.69404e-06	1.69404e-06	1.69404e-06	1.69404e-06	1.69404e-06	1.69404e-06	1.69404e-06	1.69404e-06	1.69404e-06	1.69404e-06	1.69404e-06	1.69404e-06
