# EMElectronMuonPairProduction cumulative differential rate
# photon field: Universal Radio Background from Protheroe & Bierman Astroparticle Physics 6 (1996) 45.
# Produced with crpropa-data version: 6e626b569daf9d4e699ad3cbe04136073108f02d
# log10(E/eV), d(1/lambda)/ds_kin [1/Mpc/eV^2] for log10(s_kin/eV^2) as given in first row
0.00	1.67105e+01	1.68211e+01	1.69316e+01	1.70421e+01	1.71526e+01	1.72632e+01	1.73737e+01	1.74842e+01	1.75947e+01	1.77053e+01	1.78158e+01	1.79263e+01	1.80368e+01	1.81474e+01	1.82579e+01	1.83684e+01	1.84789e+01	1.85895e+01	1.87000e+01	1.88105e+01	1.89211e+01	1.90316e+01	1.91421e+01	1.92526e+01	1.93632e+01	1.94737e+01	1.95842e+01	1.96947e+01	1.98053e+01	1.99158e+01	2.00263e+01	2.01368e+01	2.02474e+01	2.03579e+01	2.04684e+01	2.05789e+01	2.06895e+01	2.08000e+01	2.09105e+01	2.10211e+01	2.11316e+01	2.12421e+01	2.13526e+01	2.14632e+01	2.15737e+01	2.16842e+01	2.17947e+01	2.19053e+01	2.20158e+01	2.21263e+01	2.22368e+01	2.23474e+01	2.24579e+01	2.25684e+01	2.26789e+01	2.27895e+01	2.29000e+01	2.30105e+01	2.31211e+01	2.32316e+01	2.33421e+01	2.34526e+01	2.35632e+01	2.36737e+01	2.37842e+01	2.38947e+01	2.40053e+01	2.41158e+01	2.42263e+01	2.43368e+01	2.44474e+01	2.45579e+01	2.46684e+01	2.47789e+01	2.48895e+01	2.50000e+01
21.75	4.50825e-18	4.50825e-18	4.50825e-18	4.50825e-18	4.50825e-18	4.50826e-18	4.50826e-18	4.50828e-18	4.50831e-18	4.50836e-18	4.50847e-18	4.50868e-18	4.50905e-18	4.50973e-18	4.51095e-18	4.51313e-18	4.51700e-18	4.52380e-18	4.53572e-18	4.55651e-18	4.59262e-18	4.65516e-18	4.76310e-18	4.94897e-18	5.26847e-18	5.81651e-18	6.75502e-18	8.35964e-18	1.10997e-17	1.57747e-17	2.37422e-17	3.73110e-17	6.03931e-17	9.96117e-17	1.66155e-16	2.78816e-16	4.68964e-16	7.88693e-16	1.32128e-15	1.32128e-15	1.32128e-15	1.32128e-15	1.32128e-15	1.32128e-15	1.32128e-15	1.32128e-15	1.32128e-15	1.32128e-15	1.32128e-15	1.32128e-15	1.32128e-15	1.32128e-15	1.32128e-15	1.32128e-15	1.32128e-15	1.32128e-15	1.32128e-15	1.32128e-15	1.32128e-15	1.32128e-15	1.32128e-15	1.32128e-15	1.32128e-15	1.32128e-15	1.32128e-15	1.32128e-15	1.32128e-15	1.32128e-15	1.32128e-15	1.32128e-15	1.32128e-15	1.32128e-15	1.32128e-15	1.32128e-15	1.32128e-15	1.32128e-15
21.81	2.53016e-14	2.55582e-14	2.55582e-14	2.55582e-14	2.55582e-14	2.55582e-14	2.55582e-14	2.55582e-14	2.55582e-14	2.55582e-14	2.55582e-14	2.55582e-14	2.55582e-14	2.55582e-14	2.55582e-14	2.55582e-14	2.55582e-14	2.55582e-14	2.55582e-14	2.55582e-14	2.55583e-14	2.55583e-14	2.55584e-14	2.55585e-14	2.55588e-14	2.55592e-14	2.55599e-14	2.55611e-14	2.55632e-14	2.55667e-14	2.55727e-14	2.55830e-14	2.56005e-14	2.56301e-14	2.56804e-14	2.57656e-14	2.59094e-14	2.61511e-14	2.65538e-14	2.65538e-14	2.65538e-14	2.65538e-14	2.65538e-14	2.65538e-14	2.65538e-14	2.65538e-14	2.65538e-14	2.65538e-14	2.65538e-14	2.65538e-14	2.65538e-14	2.65538e-14	2.65538e-14	2.65538e-14	2.65538e-14	2.65538e-14	2.65538e-14	2.65538e-14	2.65538e-14	2.65538e-14	2.65538e-14	2.65538e-14	2.65538e-14	2.65538e-14	2.65538e-14	2.65538e-14	2.65538e-14	2.65538e-14	2.65538e-14	2.65538e-14	2.65538e-14	2.65538e-14	2.65538e-14	2.65538e-14	2.65538e-14	2.65538e-14
21.87	9.54012e-14	2.52765e-13	2.52765e-13	2.52765e-13	2.52765e-13	2.52765e-13	2.52765e-13	2.52765e-13	2.52765e-13	2.52765e-13	2.52765e-13	2.52765e-13	2.52765e-13	2.52765e-13	2.52765e-13	2.52765e-13	2.52765e-13	2.52765e-13	2.52765e-13	2.52765e-13	2.52765e-13	2.52765e-13	2.52765e-13	2.52765e-13	2.52765e-13	2.52765e-13	2.52766e-13	2.52767e-13	2.52768e-13	2.52771e-13	2.52776e-13	2.52783e-13	2.52797e-13	2.52819e-13	2.52857e-13	2.52921e-13	2.53030e-13	2.53213e-13	2.53517e-13	2.53517e-13	2.53517e-13	2.53517e-13	2.53517e-13	2.53517e-13	2.53517e-13	2.53517e-13	2.53517e-13	2.53517e-13	2.53517e-13	2.53517e-13	2.53517e-13	2.53517e-13	2.53517e-13	2.53517e-13	2.53517e-13	2.53517e-13	2.53517e-13	2.53517e-13	2.53517e-13	2.53517e-13	2.53517e-13	2.53517e-13	2.53517e-13	2.53517e-13	2.53517e-13	2.53517e-13	2.53517e-13	2.53517e-13	2.53517e-13	2.53517e-13	2.53517e-13	2.53517e-13	2.53517e-13	2.53517e-13	2.53517e-13	2.53517e-13
21.93	1.75131e-13	1.00712e-12	1.02971e-12	1.02971e-12	1.02971e-12	1.02971e-12	1.02971e-12	1.02971e-12	1.02971e-12	1.02971e-12	1.02971e-12	1.02971e-12	1.02971e-12	1.02971e-12	1.02971e-12	1.02971e-12	1.02971e-12	1.02971e-12	1.02971e-12	1.02971e-12	1.02971e-12	1.02971e-12	1.02971e-12	1.02971e-12	1.02971e-12	1.02971e-12	1.02971e-12	1.02971e-12	1.02971e-12	1.02971e-12	1.02972e-12	1.02972e-12	1.02973e-12	1.02975e-12	1.02978e-12	1.02983e-12	1.02991e-12	1.03005e-12	1.03028e-12	1.03028e-12	1.03028e-12	1.03028e-12	1.03028e-12	1.03028e-12	1.03028e-12	1.03028e-12	1.03028e-12	1.03028e-12	1.03028e-12	1.03028e-12	1.03028e-12	1.03028e-12	1.03028e-12	1.03028e-12	1.03028e-12	1.03028e-12	1.03028e-12	1.03028e-12	1.03028e-12	1.03028e-12	1.03028e-12	1.03028e-12	1.03028e-12	1.03028e-12	1.03028e-12	1.03028e-12	1.03028e-12	1.03028e-12	1.03028e-12	1.03028e-12	1.03028e-12	1.03028e-12	1.03028e-12	1.03028e-12	1.03028e-12	1.03028e-12
21.99	2.71111e-13	2.07183e-12	2.83807e-12	2.83807e-12	2.83807e-12	2.83807e-12	2.83807e-12	2.83807e-12	2.83807e-12	2.83807e-12	2.83807e-12	2.83807e-12	2.83807e-12	2.83807e-12	2.83807e-12	2.83807e-12	2.83807e-12	2.83807e-12	2.83807e-12	2.83807e-12	2.83807e-12	2.83807e-12	2.83807e-12	2.83807e-12	2.83807e-12	2.83807e-12	2.83807e-12	2.83807e-12	2.83807e-12	2.83807e-12	2.83807e-12	2.83808e-12	2.83809e-12	2.83810e-12	2.83812e-12	2.83816e-12	2.83822e-12	2.83832e-12	2.83850e-12	2.83850e-12	2.83850e-12	2.83850e-12	2.83850e-12	2.83850e-12	2.83850e-12	2.83850e-12	2.83850e-12	2.83850e-12	2.83850e-12	2.83850e-12	2.83850e-12	2.83850e-12	2.83850e-12	2.83850e-12	2.83850e-12	2.83850e-12	2.83850e-12	2.83850e-12	2.83850e-12	2.83850e-12	2.83850e-12	2.83850e-12	2.83850e-12	2.83850e-12	2.83850e-12	2.83850e-12	2.83850e-12	2.83850e-12	2.83850e-12	2.83850e-12	2.83850e-12	2.83850e-12	2.83850e-12	2.83850e-12	2.83850e-12	2.83850e-12
22.05	3.91206e-13	3.33219e-12	6.21098e-12	6.36781e-12	6.36781e-12	6.36781e-12	6.36781e-12	6.36781e-12	6.36781e-12	6.36781e-12	6.36781e-12	6.36781e-12	6.36781e-12	6.36781e-12	6.36781e-12	6.36781e-12	6.36781e-12	6.36781e-12	6.36781e-12	6.36781e-12	6.36781e-12	6.36781e-12	6.36781e-12	6.36781e-12	6.36781e-12	6.36781e-12	6.36781e-12	6.36781e-12	6.36781e-12	6.36781e-12	6.36781e-12	6.36782e-12	6.36782e-12	6.36783e-12	6.36785e-12	6.36787e-12	6.36792e-12	6.36800e-12	6.36813e-12	6.36813e-12	6.36813e-12	6.36813e-12	6.36813e-12	6.36813e-12	6.36813e-12	6.36813e-12	6.36813e-12	6.36813e-12	6.36813e-12	6.36813e-12	6.36813e-12	6.36813e-12	6.36813e-12	6.36813e-12	6.36813e-12	6.36813e-12	6.36813e-12	6.36813e-12	6.36813e-12	6.36813e-12	6.36813e-12	6.36813e-12	6.36813e-12	6.36813e-12	6.36813e-12	6.36813e-12	6.36813e-12	6.36813e-12	6.36813e-12	6.36813e-12	6.36813e-12	6.36813e-12	6.36813e-12	6.36813e-12	6.36813e-12	6.36813e-12
22.11	5.45061e-13	4.89174e-12	1.04607e-11	1.25374e-11	1.25374e-11	1.25374e-11	1.25374e-11	1.25374e-11	1.25374e-11	1.25374e-11	1.25374e-11	1.25374e-11	1.25374e-11	1.25374e-11	1.25374e-11	1.25374e-11	1.25374e-11	1.25374e-11	1.25374e-11	1.25374e-11	1.25374e-11	1.25374e-11	1.25374e-11	1.25374e-11	1.25374e-11	1.25374e-11	1.25374e-11	1.25374e-11	1.25374e-11	1.25374e-11	1.25374e-11	1.25374e-11	1.25374e-11	1.25374e-11	1.25374e-11	1.25374e-11	1.25375e-11	1.25375e-11	1.25376e-11	1.25376e-11	1.25376e-11	1.25376e-11	1.25376e-11	1.25376e-11	1.25376e-11	1.25376e-11	1.25376e-11	1.25376e-11	1.25376e-11	1.25376e-11	1.25376e-11	1.25376e-11	1.25376e-11	1.25376e-11	1.25376e-11	1.25376e-11	1.25376e-11	1.25376e-11	1.25376e-11	1.25376e-11	1.25376e-11	1.25376e-11	1.25376e-11	1.25376e-11	1.25376e-11	1.25376e-11	1.25376e-11	1.25376e-11	1.25376e-11	1.25376e-11	1.25376e-11	1.25376e-11	1.25376e-11	1.25376e-11	1.25376e-11	1.25376e-11
22.18	7.51050e-13	6.88268e-12	1.56629e-11	2.20104e-11	2.25449e-11	2.25449e-11	2.25449e-11	2.25449e-11	2.25449e-11	2.25449e-11	2.25449e-11	2.25449e-11	2.25449e-11	2.25449e-11	2.25449e-11	2.25449e-11	2.25449e-11	2.25449e-11	2.25449e-11	2.25449e-11	2.25449e-11	2.25449e-11	2.25449e-11	2.25449e-11	2.25449e-11	2.25449e-11	2.25449e-11	2.25449e-11	2.25449e-11	2.25449e-11	2.25449e-11	2.25449e-11	2.25449e-11	2.25449e-11	2.25449e-11	2.25449e-11	2.25449e-11	2.25450e-11	2.25451e-11	2.25451e-11	2.25451e-11	2.25451e-11	2.25451e-11	2.25451e-11	2.25451e-11	2.25451e-11	2.25451e-11	2.25451e-11	2.25451e-11	2.25451e-11	2.25451e-11	2.25451e-11	2.25451e-11	2.25451e-11	2.25451e-11	2.25451e-11	2.25451e-11	2.25451e-11	2.25451e-11	2.25451e-11	2.25451e-11	2.25451e-11	2.25451e-11	2.25451e-11	2.25451e-11	2.25451e-11	2.25451e-11	2.25451e-11	2.25451e-11	2.25451e-11	2.25451e-11	2.25451e-11	2.25451e-11	2.25451e-11	2.25451e-11	2.25451e-11
22.24	1.06408e-12	9.54945e-12	2.23254e-11	3.38095e-11	3.80695e-11	3.80695e-11	3.80695e-11	3.80695e-11	3.80695e-11	3.80695e-11	3.80695e-11	3.80695e-11	3.80695e-11	3.80695e-11	3.80695e-11	3.80695e-11	3.80695e-11	3.80695e-11	3.80695e-11	3.80695e-11	3.80695e-11	3.80695e-11	3.80695e-11	3.80695e-11	3.80695e-11	3.80695e-11	3.80695e-11	3.80695e-11	3.80695e-11	3.80695e-11	3.80695e-11	3.80695e-11	3.80695e-11	3.80695e-11	3.80695e-11	3.80695e-11	3.80695e-11	3.80696e-11	3.80696e-11	3.80696e-11	3.80696e-11	3.80696e-11	3.80696e-11	3.80696e-11	3.80696e-11	3.80696e-11	3.80696e-11	3.80696e-11	3.80696e-11	3.80696e-11	3.80696e-11	3.80696e-11	3.80696e-11	3.80696e-11	3.80696e-11	3.80696e-11	3.80696e-11	3.80696e-11	3.80696e-11	3.80696e-11	3.80696e-11	3.80696e-11	3.80696e-11	3.80696e-11	3.80696e-11	3.80696e-11	3.80696e-11	3.80696e-11	3.80696e-11	3.80696e-11	3.80696e-11	3.80696e-11	3.80696e-11	3.80696e-11	3.80696e-11	3.80696e-11
22.30	1.36608e-12	1.32217e-11	3.10992e-11	4.87811e-11	5.99879e-11	6.13031e-11	6.13031e-11	6.13031e-11	6.13031e-11	6.13031e-11	6.13031e-11	6.13031e-11	6.13031e-11	6.13031e-11	6.13031e-11	6.13031e-11	6.13031e-11	6.13031e-11	6.13031e-11	6.13031e-11	6.13031e-11	6.13031e-11	6.13031e-11	6.13031e-11	6.13031e-11	6.13031e-11	6.13031e-11	6.13031e-11	6.13031e-11	6.13031e-11	6.13031e-11	6.13031e-11	6.13031e-11	6.13031e-11	6.13031e-11	6.13031e-11	6.13032e-11	6.13032e-11	6.13032e-11	6.13032e-11	6.13032e-11	6.13032e-11	6.13032e-11	6.13032e-11	6.13032e-11	6.13032e-11	6.13032e-11	6.13032e-11	6.13032e-11	6.13032e-11	6.13032e-11	6.13032e-11	6.13032e-11	6.13032e-11	6.13032e-11	6.13032e-11	6.13032e-11	6.13032e-11	6.13032e-11	6.13032e-11	6.13032e-11	6.13032e-11	6.13032e-11	6.13032e-11	6.13032e-11	6.13032e-11	6.13032e-11	6.13032e-11	6.13032e-11	6.13032e-11	6.13032e-11	6.13032e-11	6.13032e-11	6.13032e-11	6.13032e-11	6.13032e-11
22.36	1.64101e-12	1.75405e-11	4.23542e-11	6.78012e-11	8.71580e-11	9.46879e-11	9.46879e-11	9.46879e-11	9.46879e-11	9.46879e-11	9.46879e-11	9.46879e-11	9.46879e-11	9.46879e-11	9.46879e-11	9.46879e-11	9.46879e-11	9.46879e-11	9.46879e-11	9.46879e-11	9.46879e-11	9.46879e-11	9.46879e-11	9.46879e-11	9.46879e-11	9.46879e-11	9.46879e-11	9.46879e-11	9.46879e-11	9.46879e-11	9.46879e-11	9.46879e-11	9.46879e-11	9.46879e-11	9.46879e-11	9.46879e-11	9.46879e-11	9.46879e-11	9.46880e-11	9.46880e-11	9.46880e-11	9.46880e-11	9.46880e-11	9.46880e-11	9.46880e-11	9.46880e-11	9.46880e-11	9.46880e-11	9.46880e-11	9.46880e-11	9.46880e-11	9.46880e-11	9.46880e-11	9.46880e-11	9.46880e-11	9.46880e-11	9.46880e-11	9.46880e-11	9.46880e-11	9.46880e-11	9.46880e-11	9.46880e-11	9.46880e-11	9.46880e-11	9.46880e-11	9.46880e-11	9.46880e-11	9.46880e-11	9.46880e-11	9.46880e-11	9.46880e-11	9.46880e-11	9.46880e-11	9.46880e-11	9.46880e-11	9.46880e-11
22.42	1.90076e-12	2.14815e-11	5.60240e-11	9.14255e-11	1.20703e-10	1.38210e-10	1.40889e-10	1.40889e-10	1.40889e-10	1.40889e-10	1.40889e-10	1.40889e-10	1.40889e-10	1.40889e-10	1.40889e-10	1.40889e-10	1.40889e-10	1.40889e-10	1.40889e-10	1.40889e-10	1.40889e-10	1.40889e-10	1.40889e-10	1.40889e-10	1.40889e-10	1.40889e-10	1.40889e-10	1.40889e-10	1.40889e-10	1.40889e-10	1.40889e-10	1.40889e-10	1.40889e-10	1.40889e-10	1.40889e-10	1.40889e-10	1.40889e-10	1.40889e-10	1.40889e-10	1.40889e-10	1.40889e-10	1.40889e-10	1.40889e-10	1.40889e-10	1.40889e-10	1.40889e-10	1.40889e-10	1.40889e-10	1.40889e-10	1.40889e-10	1.40889e-10	1.40889e-10	1.40889e-10	1.40889e-10	1.40889e-10	1.40889e-10	1.40889e-10	1.40889e-10	1.40889e-10	1.40889e-10	1.40889e-10	1.40889e-10	1.40889e-10	1.40889e-10	1.40889e-10	1.40889e-10	1.40889e-10	1.40889e-10	1.40889e-10	1.40889e-10	1.40889e-10	1.40889e-10	1.40889e-10	1.40889e-10	1.40889e-10	1.40889e-10
22.48	2.15496e-12	2.51565e-11	7.03171e-11	1.19664e-10	1.61441e-10	1.90615e-10	2.02671e-10	2.02733e-10	2.02733e-10	2.02733e-10	2.02733e-10	2.02733e-10	2.02733e-10	2.02733e-10	2.02733e-10	2.02733e-10	2.02733e-10	2.02733e-10	2.02733e-10	2.02733e-10	2.02733e-10	2.02733e-10	2.02733e-10	2.02733e-10	2.02733e-10	2.02733e-10	2.02733e-10	2.02733e-10	2.02733e-10	2.02733e-10	2.02733e-10	2.02733e-10	2.02733e-10	2.02733e-10	2.02733e-10	2.02733e-10	2.02733e-10	2.02733e-10	2.02733e-10	2.02733e-10	2.02733e-10	2.02733e-10	2.02733e-10	2.02733e-10	2.02733e-10	2.02733e-10	2.02733e-10	2.02733e-10	2.02733e-10	2.02733e-10	2.02733e-10	2.02733e-10	2.02733e-10	2.02733e-10	2.02733e-10	2.02733e-10	2.02733e-10	2.02733e-10	2.02733e-10	2.02733e-10	2.02733e-10	2.02733e-10	2.02733e-10	2.02733e-10	2.02733e-10	2.02733e-10	2.02733e-10	2.02733e-10	2.02733e-10	2.02733e-10	2.02733e-10	2.02733e-10	2.02733e-10	2.02733e-10	2.02733e-10	2.02733e-10
22.54	2.41161e-12	2.87097e-11	8.34884e-11	1.51681e-10	2.09541e-10	2.53028e-10	2.78340e-10	2.83158e-10	2.83158e-10	2.83158e-10	2.83158e-10	2.83158e-10	2.83158e-10	2.83158e-10	2.83158e-10	2.83158e-10	2.83158e-10	2.83158e-10	2.83158e-10	2.83158e-10	2.83158e-10	2.83158e-10	2.83158e-10	2.83158e-10	2.83158e-10	2.83158e-10	2.83158e-10	2.83158e-10	2.83158e-10	2.83158e-10	2.83158e-10	2.83158e-10	2.83158e-10	2.83158e-10	2.83158e-10	2.83158e-10	2.83158e-10	2.83158e-10	2.83158e-10	2.83158e-10	2.83158e-10	2.83158e-10	2.83158e-10	2.83158e-10	2.83158e-10	2.83158e-10	2.83158e-10	2.83158e-10	2.83158e-10	2.83158e-10	2.83158e-10	2.83158e-10	2.83158e-10	2.83158e-10	2.83158e-10	2.83158e-10	2.83158e-10	2.83158e-10	2.83158e-10	2.83158e-10	2.83158e-10	2.83158e-10	2.83158e-10	2.83158e-10	2.83158e-10	2.83158e-10	2.83158e-10	2.83158e-10	2.83158e-10	2.83158e-10	2.83158e-10	2.83158e-10	2.83158e-10	2.83158e-10	2.83158e-10	2.83158e-10
22.60	2.67741e-12	3.22594e-11	9.60626e-11	1.83382e-10	2.64361e-10	3.25968e-10	3.66936e-10	3.84773e-10	3.85196e-10	3.85196e-10	3.85196e-10	3.85196e-10	3.85196e-10	3.85196e-10	3.85196e-10	3.85196e-10	3.85196e-10	3.85196e-10	3.85196e-10	3.85196e-10	3.85196e-10	3.85196e-10	3.85196e-10	3.85196e-10	3.85196e-10	3.85196e-10	3.85196e-10	3.85196e-10	3.85196e-10	3.85196e-10	3.85196e-10	3.85196e-10	3.85196e-10	3.85196e-10	3.85196e-10	3.85196e-10	3.85196e-10	3.85196e-10	3.85196e-10	3.85196e-10	3.85196e-10	3.85196e-10	3.85196e-10	3.85196e-10	3.85196e-10	3.85196e-10	3.85196e-10	3.85196e-10	3.85196e-10	3.85196e-10	3.85196e-10	3.85196e-10	3.85196e-10	3.85196e-10	3.85196e-10	3.85196e-10	3.85196e-10	3.85196e-10	3.85196e-10	3.85196e-10	3.85196e-10	3.85196e-10	3.85196e-10	3.85196e-10	3.85196e-10	3.85196e-10	3.85196e-10	3.85196e-10	3.85196e-10	3.85196e-10	3.85196e-10	3.85196e-10	3.85196e-10	3.85196e-10	3.85196e-10	3.85196e-10
22.66	2.95829e-12	3.59050e-11	1.08485e-10	2.13236e-10	3.23963e-10	4.09148e-10	4.69459e-10	5.04154e-10	5.12066e-10	5.12066e-10	5.12066e-10	5.12066e-10	5.12066e-10	5.12066e-10	5.12066e-10	5.12066e-10	5.12066e-10	5.12066e-10	5.12066e-10	5.12066e-10	5.12066e-10	5.12066e-10	5.12066e-10	5.12066e-10	5.12066e-10	5.12066e-10	5.12066e-10	5.12066e-10	5.12066e-10	5.12066e-10	5.12066e-10	5.12066e-10	5.12066e-10	5.12066e-10	5.12066e-10	5.12066e-10	5.12066e-10	5.12066e-10	5.12066e-10	5.12066e-10	5.12066e-10	5.12066e-10	5.12066e-10	5.12066e-10	5.12066e-10	5.12066e-10	5.12066e-10	5.12066e-10	5.12066e-10	5.12066e-10	5.12066e-10	5.12066e-10	5.12066e-10	5.12066e-10	5.12066e-10	5.12066e-10	5.12066e-10	5.12066e-10	5.12066e-10	5.12066e-10	5.12066e-10	5.12066e-10	5.12066e-10	5.12066e-10	5.12066e-10	5.12066e-10	5.12066e-10	5.12066e-10	5.12066e-10	5.12066e-10	5.12066e-10	5.12066e-10	5.12066e-10	5.12066e-10	5.12066e-10	5.12066e-10
22.72	3.25962e-12	3.97321e-11	1.21124e-10	2.42365e-10	3.81820e-10	5.01199e-10	5.86105e-10	6.40907e-10	6.65810e-10	6.67057e-10	6.67057e-10	6.67057e-10	6.67057e-10	6.67057e-10	6.67057e-10	6.67057e-10	6.67057e-10	6.67057e-10	6.67057e-10	6.67057e-10	6.67057e-10	6.67057e-10	6.67057e-10	6.67057e-10	6.67057e-10	6.67057e-10	6.67057e-10	6.67057e-10	6.67057e-10	6.67057e-10	6.67057e-10	6.67057e-10	6.67057e-10	6.67057e-10	6.67057e-10	6.67057e-10	6.67057e-10	6.67057e-10	6.67057e-10	6.67057e-10	6.67057e-10	6.67057e-10	6.67057e-10	6.67057e-10	6.67057e-10	6.67057e-10	6.67057e-10	6.67057e-10	6.67057e-10	6.67057e-10	6.67057e-10	6.67057e-10	6.67057e-10	6.67057e-10	6.67057e-10	6.67057e-10	6.67057e-10	6.67057e-10	6.67057e-10	6.67057e-10	6.67057e-10	6.67057e-10	6.67057e-10	6.67057e-10	6.67057e-10	6.67057e-10	6.67057e-10	6.67057e-10	6.67057e-10	6.67057e-10	6.67057e-10	6.67057e-10	6.67057e-10	6.67057e-10	6.67057e-10	6.67057e-10
22.78	3.58637e-12	4.38179e-11	1.34297e-10	2.71693e-10	4.37527e-10	5.98625e-10	7.16138e-10	7.95946e-10	8.41642e-10	8.53749e-10	8.53749e-10	8.53749e-10	8.53749e-10	8.53749e-10	8.53749e-10	8.53749e-10	8.53749e-10	8.53749e-10	8.53749e-10	8.53749e-10	8.53749e-10	8.53749e-10	8.53749e-10	8.53749e-10	8.53749e-10	8.53749e-10	8.53749e-10	8.53749e-10	8.53749e-10	8.53749e-10	8.53749e-10	8.53749e-10	8.53749e-10	8.53749e-10	8.53749e-10	8.53749e-10	8.53749e-10	8.53749e-10	8.53749e-10	8.53749e-10	8.53749e-10	8.53749e-10	8.53749e-10	8.53749e-10	8.53749e-10	8.53749e-10	8.53749e-10	8.53749e-10	8.53749e-10	8.53749e-10	8.53749e-10	8.53749e-10	8.53749e-10	8.53749e-10	8.53749e-10	8.53749e-10	8.53749e-10	8.53749e-10	8.53749e-10	8.53749e-10	8.53749e-10	8.53749e-10	8.53749e-10	8.53749e-10	8.53749e-10	8.53749e-10	8.53749e-10	8.53749e-10	8.53749e-10	8.53749e-10	8.53749e-10	8.53749e-10	8.53749e-10	8.53749e-10	8.53749e-10	8.53749e-10
22.84	3.94341e-12	4.82332e-11	1.48282e-10	3.02004e-10	4.92971e-10	6.93070e-10	8.57469e-10	9.69194e-10	1.03992e-09	1.07312e-09	1.07582e-09	1.07582e-09	1.07582e-09	1.07582e-09	1.07582e-09	1.07582e-09	1.07582e-09	1.07582e-09	1.07582e-09	1.07582e-09	1.07582e-09	1.07582e-09	1.07582e-09	1.07582e-09	1.07582e-09	1.07582e-09	1.07582e-09	1.07582e-09	1.07582e-09	1.07582e-09	1.07582e-09	1.07582e-09	1.07582e-09	1.07582e-09	1.07582e-09	1.07582e-09	1.07582e-09	1.07582e-09	1.07582e-09	1.07582e-09	1.07582e-09	1.07582e-09	1.07582e-09	1.07582e-09	1.07582e-09	1.07582e-09	1.07582e-09	1.07582e-09	1.07582e-09	1.07582e-09	1.07582e-09	1.07582e-09	1.07582e-09	1.07582e-09	1.07582e-09	1.07582e-09	1.07582e-09	1.07582e-09	1.07582e-09	1.07582e-09	1.07582e-09	1.07582e-09	1.07582e-09	1.07582e-09	1.07582e-09	1.07582e-09	1.07582e-09	1.07582e-09	1.07582e-09	1.07582e-09	1.07582e-09	1.07582e-09	1.07582e-09	1.07582e-09	1.07582e-09	1.07582e-09
22.90	4.33565e-12	5.30464e-11	1.63336e-10	3.33980e-10	5.49731e-10	7.85897e-10	1.00444e-09	1.15950e-09	1.26153e-09	1.31974e-09	1.33731e-09	1.33731e-09	1.33731e-09	1.33731e-09	1.33731e-09	1.33731e-09	1.33731e-09	1.33731e-09	1.33731e-09	1.33731e-09	1.33731e-09	1.33731e-09	1.33731e-09	1.33731e-09	1.33731e-09	1.33731e-09	1.33731e-09	1.33731e-09	1.33731e-09	1.33731e-09	1.33731e-09	1.33731e-09	1.33731e-09	1.33731e-09	1.33731e-09	1.33731e-09	1.33731e-09	1.33731e-09	1.33731e-09	1.33731e-09	1.33731e-09	1.33731e-09	1.33731e-09	1.33731e-09	1.33731e-09	1.33731e-09	1.33731e-09	1.33731e-09	1.33731e-09	1.33731e-09	1.33731e-09	1.33731e-09	1.33731e-09	1.33731e-09	1.33731e-09	1.33731e-09	1.33731e-09	1.33731e-09	1.33731e-09	1.33731e-09	1.33731e-09	1.33731e-09	1.33731e-09	1.33731e-09	1.33731e-09	1.33731e-09	1.33731e-09	1.33731e-09	1.33731e-09	1.33731e-09	1.33731e-09	1.33731e-09	1.33731e-09	1.33731e-09	1.33731e-09	1.33731e-09
22.96	4.76785e-12	5.83245e-11	1.79699e-10	3.68235e-10	6.09170e-10	8.79933e-10	1.14812e-09	1.36410e-09	1.50624e-09	1.59479e-09	1.63754e-09	1.64247e-09	1.64247e-09	1.64247e-09	1.64247e-09	1.64247e-09	1.64247e-09	1.64247e-09	1.64247e-09	1.64247e-09	1.64247e-09	1.64247e-09	1.64247e-09	1.64247e-09	1.64247e-09	1.64247e-09	1.64247e-09	1.64247e-09	1.64247e-09	1.64247e-09	1.64247e-09	1.64247e-09	1.64247e-09	1.64247e-09	1.64247e-09	1.64247e-09	1.64247e-09	1.64247e-09	1.64247e-09	1.64247e-09	1.64247e-09	1.64247e-09	1.64247e-09	1.64247e-09	1.64247e-09	1.64247e-09	1.64247e-09	1.64247e-09	1.64247e-09	1.64247e-09	1.64247e-09	1.64247e-09	1.64247e-09	1.64247e-09	1.64247e-09	1.64247e-09	1.64247e-09	1.64247e-09	1.64247e-09	1.64247e-09	1.64247e-09	1.64247e-09	1.64247e-09	1.64247e-09	1.64247e-09	1.64247e-09	1.64247e-09	1.64247e-09	1.64247e-09	1.64247e-09	1.64247e-09	1.64247e-09	1.64247e-09	1.64247e-09	1.64247e-09	1.64247e-09
23.02	5.24529e-12	6.41354e-11	1.97609e-10	4.05345e-10	6.72497e-10	9.77588e-10	1.29201e-09	1.57453e-09	1.77251e-09	1.89923e-09	1.97144e-09	1.99591e-09	1.99592e-09	1.99592e-09	1.99592e-09	1.99592e-09	1.99592e-09	1.99592e-09	1.99592e-09	1.99592e-09	1.99592e-09	1.99592e-09	1.99592e-09	1.99592e-09	1.99592e-09	1.99592e-09	1.99592e-09	1.99592e-09	1.99592e-09	1.99592e-09	1.99592e-09	1.99592e-09	1.99592e-09	1.99592e-09	1.99592e-09	1.99592e-09	1.99592e-09	1.99592e-09	1.99592e-09	1.99592e-09	1.99592e-09	1.99592e-09	1.99592e-09	1.99592e-09	1.99592e-09	1.99592e-09	1.99592e-09	1.99592e-09	1.99592e-09	1.99592e-09	1.99592e-09	1.99592e-09	1.99592e-09	1.99592e-09	1.99592e-09	1.99592e-09	1.99592e-09	1.99592e-09	1.99592e-09	1.99592e-09	1.99592e-09	1.99592e-09	1.99592e-09	1.99592e-09	1.99592e-09	1.99592e-09	1.99592e-09	1.99592e-09	1.99592e-09	1.99592e-09	1.99592e-09	1.99592e-09	1.99592e-09	1.99592e-09	1.99592e-09	1.99592e-09
23.09	5.77293e-12	7.05485e-11	2.17301e-10	4.45863e-10	7.40827e-10	1.08097e-09	1.44004e-09	1.78304e-09	2.05703e-09	2.23277e-09	2.34103e-09	2.39456e-09	2.40267e-09	2.40267e-09	2.40267e-09	2.40267e-09	2.40267e-09	2.40267e-09	2.40267e-09	2.40267e-09	2.40267e-09	2.40267e-09	2.40267e-09	2.40267e-09	2.40267e-09	2.40267e-09	2.40267e-09	2.40267e-09	2.40267e-09	2.40267e-09	2.40267e-09	2.40267e-09	2.40267e-09	2.40267e-09	2.40267e-09	2.40267e-09	2.40267e-09	2.40267e-09	2.40267e-09	2.40267e-09	2.40267e-09	2.40267e-09	2.40267e-09	2.40267e-09	2.40267e-09	2.40267e-09	2.40267e-09	2.40267e-09	2.40267e-09	2.40267e-09	2.40267e-09	2.40267e-09	2.40267e-09	2.40267e-09	2.40267e-09	2.40267e-09	2.40267e-09	2.40267e-09	2.40267e-09	2.40267e-09	2.40267e-09	2.40267e-09	2.40267e-09	2.40267e-09	2.40267e-09	2.40267e-09	2.40267e-09	2.40267e-09	2.40267e-09	2.40267e-09	2.40267e-09	2.40267e-09	2.40267e-09	2.40267e-09	2.40267e-09	2.40267e-09
23.15	6.35648e-12	7.76358e-11	2.39013e-10	4.90341e-10	8.15224e-10	1.19201e-09	1.59563e-09	1.99534e-09	2.34786e-09	2.59363e-09	2.74742e-09	2.83514e-09	2.86776e-09	2.86812e-09	2.86812e-09	2.86812e-09	2.86812e-09	2.86812e-09	2.86812e-09	2.86812e-09	2.86812e-09	2.86812e-09	2.86812e-09	2.86812e-09	2.86812e-09	2.86812e-09	2.86812e-09	2.86812e-09	2.86812e-09	2.86812e-09	2.86812e-09	2.86812e-09	2.86812e-09	2.86812e-09	2.86812e-09	2.86812e-09	2.86812e-09	2.86812e-09	2.86812e-09	2.86812e-09	2.86812e-09	2.86812e-09	2.86812e-09	2.86812e-09	2.86812e-09	2.86812e-09	2.86812e-09	2.86812e-09	2.86812e-09	2.86812e-09	2.86812e-09	2.86812e-09	2.86812e-09	2.86812e-09	2.86812e-09	2.86812e-09	2.86812e-09	2.86812e-09	2.86812e-09	2.86812e-09	2.86812e-09	2.86812e-09	2.86812e-09	2.86812e-09	2.86812e-09	2.86812e-09	2.86812e-09	2.86812e-09	2.86812e-09	2.86812e-09	2.86812e-09	2.86812e-09	2.86812e-09	2.86812e-09	2.86812e-09	2.86812e-09
23.21	7.00181e-12	8.54715e-11	2.62997e-10	5.39330e-10	8.96723e-10	1.31250e-09	1.76183e-09	2.21666e-09	2.64062e-09	2.97782e-09	3.19047e-09	3.32028e-09	3.38587e-09	3.39824e-09	3.39824e-09	3.39824e-09	3.39824e-09	3.39824e-09	3.39824e-09	3.39824e-09	3.39824e-09	3.39824e-09	3.39824e-09	3.39824e-09	3.39824e-09	3.39824e-09	3.39824e-09	3.39824e-09	3.39824e-09	3.39824e-09	3.39824e-09	3.39824e-09	3.39824e-09	3.39824e-09	3.39824e-09	3.39824e-09	3.39824e-09	3.39824e-09	3.39824e-09	3.39824e-09	3.39824e-09	3.39824e-09	3.39824e-09	3.39824e-09	3.39824e-09	3.39824e-09	3.39824e-09	3.39824e-09	3.39824e-09	3.39824e-09	3.39824e-09	3.39824e-09	3.39824e-09	3.39824e-09	3.39824e-09	3.39824e-09	3.39824e-09	3.39824e-09	3.39824e-09	3.39824e-09	3.39824e-09	3.39824e-09	3.39824e-09	3.39824e-09	3.39824e-09	3.39824e-09	3.39824e-09	3.39824e-09	3.39824e-09	3.39824e-09	3.39824e-09	3.39824e-09	3.39824e-09	3.39824e-09	3.39824e-09	3.39824e-09
23.27	7.71452e-12	9.41362e-11	2.89508e-10	5.93403e-10	9.86371e-10	1.44417e-09	1.94147e-09	2.45162e-09	2.94303e-09	3.37004e-09	3.66824e-09	3.85148e-09	3.95620e-09	3.99808e-09	3.99943e-09	3.99943e-09	3.99943e-09	3.99943e-09	3.99943e-09	3.99943e-09	3.99943e-09	3.99943e-09	3.99943e-09	3.99943e-09	3.99943e-09	3.99943e-09	3.99943e-09	3.99943e-09	3.99943e-09	3.99943e-09	3.99943e-09	3.99943e-09	3.99943e-09	3.99943e-09	3.99943e-09	3.99943e-09	3.99943e-09	3.99943e-09	3.99943e-09	3.99943e-09	3.99943e-09	3.99943e-09	3.99943e-09	3.99943e-09	3.99943e-09	3.99943e-09	3.99943e-09	3.99943e-09	3.99943e-09	3.99943e-09	3.99943e-09	3.99943e-09	3.99943e-09	3.99943e-09	3.99943e-09	3.99943e-09	3.99943e-09	3.99943e-09	3.99943e-09	3.99943e-09	3.99943e-09	3.99943e-09	3.99943e-09	3.99943e-09	3.99943e-09	3.99943e-09	3.99943e-09	3.99943e-09	3.99943e-09	3.99943e-09	3.99943e-09	3.99943e-09	3.99943e-09	3.99943e-09	3.99943e-09	3.99943e-09
23.33	8.50134e-12	1.03712e-10	3.18817e-10	6.53150e-10	1.08523e-09	1.58877e-09	2.13725e-09	2.70442e-09	3.26179e-09	3.77105e-09	4.17549e-09	4.42886e-09	4.58211e-09	4.66104e-09	4.67886e-09	4.67886e-09	4.67886e-09	4.67886e-09	4.67886e-09	4.67886e-09	4.67886e-09	4.67886e-09	4.67886e-09	4.67886e-09	4.67886e-09	4.67886e-09	4.67886e-09	4.67886e-09	4.67886e-09	4.67886e-09	4.67886e-09	4.67886e-09	4.67886e-09	4.67886e-09	4.67886e-09	4.67886e-09	4.67886e-09	4.67886e-09	4.67886e-09	4.67886e-09	4.67886e-09	4.67886e-09	4.67886e-09	4.67886e-09	4.67886e-09	4.67886e-09	4.67886e-09	4.67886e-09	4.67886e-09	4.67886e-09	4.67886e-09	4.67886e-09	4.67886e-09	4.67886e-09	4.67886e-09	4.67886e-09	4.67886e-09	4.67886e-09	4.67886e-09	4.67886e-09	4.67886e-09	4.67886e-09	4.67886e-09	4.67886e-09	4.67886e-09	4.67886e-09	4.67886e-09	4.67886e-09	4.67886e-09	4.67886e-09	4.67886e-09	4.67886e-09	4.67886e-09	4.67886e-09	4.67886e-09	4.67886e-09
23.39	9.36875e-12	1.14282e-10	3.51209e-10	7.19187e-10	1.19439e-09	1.74804e-09	2.35180e-09	2.97901e-09	3.60294e-09	4.19038e-09	4.69545e-09	5.05054e-09	5.26563e-09	5.38895e-09	5.44110e-09	5.44421e-09	5.44421e-09	5.44421e-09	5.44421e-09	5.44421e-09	5.44421e-09	5.44421e-09	5.44421e-09	5.44421e-09	5.44421e-09	5.44421e-09	5.44421e-09	5.44421e-09	5.44421e-09	5.44421e-09	5.44421e-09	5.44421e-09	5.44421e-09	5.44421e-09	5.44421e-09	5.44421e-09	5.44421e-09	5.44421e-09	5.44421e-09	5.44421e-09	5.44421e-09	5.44421e-09	5.44421e-09	5.44421e-09	5.44421e-09	5.44421e-09	5.44421e-09	5.44421e-09	5.44421e-09	5.44421e-09	5.44421e-09	5.44421e-09	5.44421e-09	5.44421e-09	5.44421e-09	5.44421e-09	5.44421e-09	5.44421e-09	5.44421e-09	5.44421e-09	5.44421e-09	5.44421e-09	5.44421e-09	5.44421e-09	5.44421e-09	5.44421e-09	5.44421e-09	5.44421e-09	5.44421e-09	5.44421e-09	5.44421e-09	5.44421e-09	5.44421e-09	5.44421e-09	5.44421e-09	5.44421e-09
23.45	1.03234e-11	1.25939e-10	3.86975e-10	7.92162e-10	1.31501e-09	1.92378e-09	2.58779e-09	3.27922e-09	3.97206e-09	4.63643e-09	5.23429e-09	5.70934e-09	6.00737e-09	6.18607e-09	6.27951e-09	6.30410e-09	6.30410e-09	6.30410e-09	6.30410e-09	6.30410e-09	6.30410e-09	6.30410e-09	6.30410e-09	6.30410e-09	6.30410e-09	6.30410e-09	6.30410e-09	6.30410e-09	6.30410e-09	6.30410e-09	6.30410e-09	6.30410e-09	6.30410e-09	6.30410e-09	6.30410e-09	6.30410e-09	6.30410e-09	6.30410e-09	6.30410e-09	6.30410e-09	6.30410e-09	6.30410e-09	6.30410e-09	6.30410e-09	6.30410e-09	6.30410e-09	6.30410e-09	6.30410e-09	6.30410e-09	6.30410e-09	6.30410e-09	6.30410e-09	6.30410e-09	6.30410e-09	6.30410e-09	6.30410e-09	6.30410e-09	6.30410e-09	6.30410e-09	6.30410e-09	6.30410e-09	6.30410e-09	6.30410e-09	6.30410e-09	6.30410e-09	6.30410e-09	6.30410e-09	6.30410e-09	6.30410e-09	6.30410e-09	6.30410e-09	6.30410e-09	6.30410e-09	6.30410e-09	6.30410e-09	6.30410e-09
23.51	1.13723e-11	1.38777e-10	4.26428e-10	8.72749e-10	1.44826e-09	2.11785e-09	2.84791e-09	3.60886e-09	4.37449e-09	5.11687e-09	5.80351e-09	6.38948e-09	6.80576e-09	7.05527e-09	7.19860e-09	7.26203e-09	7.26782e-09	7.26782e-09	7.26782e-09	7.26782e-09	7.26782e-09	7.26782e-09	7.26782e-09	7.26782e-09	7.26782e-09	7.26782e-09	7.26782e-09	7.26782e-09	7.26782e-09	7.26782e-09	7.26782e-09	7.26782e-09	7.26782e-09	7.26782e-09	7.26782e-09	7.26782e-09	7.26782e-09	7.26782e-09	7.26782e-09	7.26782e-09	7.26782e-09	7.26782e-09	7.26782e-09	7.26782e-09	7.26782e-09	7.26782e-09	7.26782e-09	7.26782e-09	7.26782e-09	7.26782e-09	7.26782e-09	7.26782e-09	7.26782e-09	7.26782e-09	7.26782e-09	7.26782e-09	7.26782e-09	7.26782e-09	7.26782e-09	7.26782e-09	7.26782e-09	7.26782e-09	7.26782e-09	7.26782e-09	7.26782e-09	7.26782e-09	7.26782e-09	7.26782e-09	7.26782e-09	7.26782e-09	7.26782e-09	7.26782e-09	7.26782e-09	7.26782e-09	7.26782e-09	7.26782e-09
23.57	1.25224e-11	1.52888e-10	4.69883e-10	9.61646e-10	1.59540e-09	2.33218e-09	3.13496e-09	3.97177e-09	4.81546e-09	5.63893e-09	6.41344e-09	7.10239e-09	7.65093e-09	7.99784e-09	8.20376e-09	8.31286e-09	8.34568e-09	8.34568e-09	8.34568e-09	8.34568e-09	8.34568e-09	8.34568e-09	8.34568e-09	8.34568e-09	8.34568e-09	8.34568e-09	8.34568e-09	8.34568e-09	8.34568e-09	8.34568e-09	8.34568e-09	8.34568e-09	8.34568e-09	8.34568e-09	8.34568e-09	8.34568e-09	8.34568e-09	8.34568e-09	8.34568e-09	8.34568e-09	8.34568e-09	8.34568e-09	8.34568e-09	8.34568e-09	8.34568e-09	8.34568e-09	8.34568e-09	8.34568e-09	8.34568e-09	8.34568e-09	8.34568e-09	8.34568e-09	8.34568e-09	8.34568e-09	8.34568e-09	8.34568e-09	8.34568e-09	8.34568e-09	8.34568e-09	8.34568e-09	8.34568e-09	8.34568e-09	8.34568e-09	8.34568e-09	8.34568e-09	8.34568e-09	8.34568e-09	8.34568e-09	8.34568e-09	8.34568e-09	8.34568e-09	8.34568e-09	8.34568e-09	8.34568e-09	8.34568e-09	8.34568e-09
23.63	1.37803e-11	1.68370e-10	5.17671e-10	1.05958e-09	1.75772e-09	2.56878e-09	3.45182e-09	4.37188e-09	5.30021e-09	6.20961e-09	7.07366e-09	7.86177e-09	8.53098e-09	9.01277e-09	9.29897e-09	9.46372e-09	9.53945e-09	9.54895e-09	9.54895e-09	9.54895e-09	9.54895e-09	9.54895e-09	9.54895e-09	9.54895e-09	9.54895e-09	9.54895e-09	9.54895e-09	9.54895e-09	9.54895e-09	9.54895e-09	9.54895e-09	9.54895e-09	9.54895e-09	9.54895e-09	9.54895e-09	9.54895e-09	9.54895e-09	9.54895e-09	9.54895e-09	9.54895e-09	9.54895e-09	9.54895e-09	9.54895e-09	9.54895e-09	9.54895e-09	9.54895e-09	9.54895e-09	9.54895e-09	9.54895e-09	9.54895e-09	9.54895e-09	9.54895e-09	9.54895e-09	9.54895e-09	9.54895e-09	9.54895e-09	9.54895e-09	9.54895e-09	9.54895e-09	9.54895e-09	9.54895e-09	9.54895e-09	9.54895e-09	9.54895e-09	9.54895e-09	9.54895e-09	9.54895e-09	9.54895e-09	9.54895e-09	9.54895e-09	9.54895e-09	9.54895e-09	9.54895e-09	9.54895e-09	9.54895e-09	9.54895e-09
23.69	1.51531e-11	1.85316e-10	5.70121e-10	1.16731e-09	1.93656e-09	2.82977e-09	3.80149e-09	4.81325e-09	5.83405e-09	6.83582e-09	7.79332e-09	8.68013e-09	9.46212e-09	1.00870e-08	1.04865e-08	1.07214e-08	1.08473e-08	1.08898e-08	1.08900e-08	1.08900e-08	1.08900e-08	1.08900e-08	1.08900e-08	1.08900e-08	1.08900e-08	1.08900e-08	1.08900e-08	1.08900e-08	1.08900e-08	1.08900e-08	1.08900e-08	1.08900e-08	1.08900e-08	1.08900e-08	1.08900e-08	1.08900e-08	1.08900e-08	1.08900e-08	1.08900e-08	1.08900e-08	1.08900e-08	1.08900e-08	1.08900e-08	1.08900e-08	1.08900e-08	1.08900e-08	1.08900e-08	1.08900e-08	1.08900e-08	1.08900e-08	1.08900e-08	1.08900e-08	1.08900e-08	1.08900e-08	1.08900e-08	1.08900e-08	1.08900e-08	1.08900e-08	1.08900e-08	1.08900e-08	1.08900e-08	1.08900e-08	1.08900e-08	1.08900e-08	1.08900e-08	1.08900e-08	1.08900e-08	1.08900e-08	1.08900e-08	1.08900e-08	1.08900e-08	1.08900e-08	1.08900e-08	1.08900e-08	1.08900e-08	1.08900e-08
23.75	1.66466e-11	2.03822e-10	6.27566e-10	1.28559e-09	2.13330e-09	3.11730e-09	4.18709e-09	5.30007e-09	6.42244e-09	7.52452e-09	8.58133e-09	9.56921e-09	1.04605e-08	1.12153e-08	1.17660e-08	1.20912e-08	1.22788e-08	1.23679e-08	1.23822e-08	1.23822e-08	1.23822e-08	1.23822e-08	1.23822e-08	1.23822e-08	1.23822e-08	1.23822e-08	1.23822e-08	1.23822e-08	1.23822e-08	1.23822e-08	1.23822e-08	1.23822e-08	1.23822e-08	1.23822e-08	1.23822e-08	1.23822e-08	1.23822e-08	1.23822e-08	1.23822e-08	1.23822e-08	1.23822e-08	1.23822e-08	1.23822e-08	1.23822e-08	1.23822e-08	1.23822e-08	1.23822e-08	1.23822e-08	1.23822e-08	1.23822e-08	1.23822e-08	1.23822e-08	1.23822e-08	1.23822e-08	1.23822e-08	1.23822e-08	1.23822e-08	1.23822e-08	1.23822e-08	1.23822e-08	1.23822e-08	1.23822e-08	1.23822e-08	1.23822e-08	1.23822e-08	1.23822e-08	1.23822e-08	1.23822e-08	1.23822e-08	1.23822e-08	1.23822e-08	1.23822e-08	1.23822e-08	1.23822e-08	1.23822e-08	1.23822e-08
23.81	1.82671e-11	2.23976e-10	6.90329e-10	1.41518e-09	2.34936e-09	3.43361e-09	4.61183e-09	5.83670e-09	7.07099e-09	8.28279e-09	9.44658e-09	1.05403e-08	1.15410e-08	1.24182e-08	1.31210e-08	1.35766e-08	1.38423e-08	1.39864e-08	1.40395e-08	1.40405e-08	1.40405e-08	1.40405e-08	1.40405e-08	1.40405e-08	1.40405e-08	1.40405e-08	1.40405e-08	1.40405e-08	1.40405e-08	1.40405e-08	1.40405e-08	1.40405e-08	1.40405e-08	1.40405e-08	1.40405e-08	1.40405e-08	1.40405e-08	1.40405e-08	1.40405e-08	1.40405e-08	1.40405e-08	1.40405e-08	1.40405e-08	1.40405e-08	1.40405e-08	1.40405e-08	1.40405e-08	1.40405e-08	1.40405e-08	1.40405e-08	1.40405e-08	1.40405e-08	1.40405e-08	1.40405e-08	1.40405e-08	1.40405e-08	1.40405e-08	1.40405e-08	1.40405e-08	1.40405e-08	1.40405e-08	1.40405e-08	1.40405e-08	1.40405e-08	1.40405e-08	1.40405e-08	1.40405e-08	1.40405e-08	1.40405e-08	1.40405e-08	1.40405e-08	1.40405e-08	1.40405e-08	1.40405e-08	1.40405e-08	1.40405e-08
23.88	2.00191e-11	2.45858e-10	7.58723e-10	1.55684e-09	2.58613e-09	3.78099e-09	5.07904e-09	6.42762e-09	7.78551e-09	9.11790e-09	1.03980e-08	1.16046e-08	1.27178e-08	1.37143e-08	1.45559e-08	1.51776e-08	1.55448e-08	1.57569e-08	1.58604e-08	1.58809e-08	1.58809e-08	1.58809e-08	1.58809e-08	1.58809e-08	1.58809e-08	1.58809e-08	1.58809e-08	1.58809e-08	1.58809e-08	1.58809e-08	1.58809e-08	1.58809e-08	1.58809e-08	1.58809e-08	1.58809e-08	1.58809e-08	1.58809e-08	1.58809e-08	1.58809e-08	1.58809e-08	1.58809e-08	1.58809e-08	1.58809e-08	1.58809e-08	1.58809e-08	1.58809e-08	1.58809e-08	1.58809e-08	1.58809e-08	1.58809e-08	1.58809e-08	1.58809e-08	1.58809e-08	1.58809e-08	1.58809e-08	1.58809e-08	1.58809e-08	1.58809e-08	1.58809e-08	1.58809e-08	1.58809e-08	1.58809e-08	1.58809e-08	1.58809e-08	1.58809e-08	1.58809e-08	1.58809e-08	1.58809e-08	1.58809e-08	1.58809e-08	1.58809e-08	1.58809e-08	1.58809e-08	1.58809e-08	1.58809e-08	1.58809e-08
23.94	2.19068e-11	2.69543e-10	8.33040e-10	1.71127e-09	2.84501e-09	4.16172e-09	5.59207e-09	7.07745e-09	8.57196e-09	1.00373e-08	1.14448e-08	1.27732e-08	1.40047e-08	1.51212e-08	1.60943e-08	1.68761e-08	1.73913e-08	1.76898e-08	1.78533e-08	1.79180e-08	1.79208e-08	1.79208e-08	1.79208e-08	1.79208e-08	1.79208e-08	1.79208e-08	1.79208e-08	1.79208e-08	1.79208e-08	1.79208e-08	1.79208e-08	1.79208e-08	1.79208e-08	1.79208e-08	1.79208e-08	1.79208e-08	1.79208e-08	1.79208e-08	1.79208e-08	1.79208e-08	1.79208e-08	1.79208e-08	1.79208e-08	1.79208e-08	1.79208e-08	1.79208e-08	1.79208e-08	1.79208e-08	1.79208e-08	1.79208e-08	1.79208e-08	1.79208e-08	1.79208e-08	1.79208e-08	1.79208e-08	1.79208e-08	1.79208e-08	1.79208e-08	1.79208e-08	1.79208e-08	1.79208e-08	1.79208e-08	1.79208e-08	1.79208e-08	1.79208e-08	1.79208e-08	1.79208e-08	1.79208e-08	1.79208e-08	1.79208e-08	1.79208e-08	1.79208e-08	1.79208e-08	1.79208e-08	1.79208e-08	1.79208e-08
24.00	2.39327e-11	2.95090e-10	9.13538e-10	1.87918e-09	3.12736e-09	4.57807e-09	6.15434e-09	7.79086e-09	9.43645e-09	1.10487e-08	1.25963e-08	1.40572e-08	1.54151e-08	1.66557e-08	1.77578e-08	1.86867e-08	1.93809e-08	1.97939e-08	2.00321e-08	2.01511e-08	2.01791e-08	2.01791e-08	2.01791e-08	2.01791e-08	2.01791e-08	2.01791e-08	2.01791e-08	2.01791e-08	2.01791e-08	2.01791e-08	2.01791e-08	2.01791e-08	2.01791e-08	2.01791e-08	2.01791e-08	2.01791e-08	2.01791e-08	2.01791e-08	2.01791e-08	2.01791e-08	2.01791e-08	2.01791e-08	2.01791e-08	2.01791e-08	2.01791e-08	2.01791e-08	2.01791e-08	2.01791e-08	2.01791e-08	2.01791e-08	2.01791e-08	2.01791e-08	2.01791e-08	2.01791e-08	2.01791e-08	2.01791e-08	2.01791e-08	2.01791e-08	2.01791e-08	2.01791e-08	2.01791e-08	2.01791e-08	2.01791e-08	2.01791e-08	2.01791e-08	2.01791e-08	2.01791e-08	2.01791e-08	2.01791e-08	2.01791e-08	2.01791e-08	2.01791e-08	2.01791e-08	2.01791e-08	2.01791e-08	2.01791e-08
24.06	2.60981e-11	3.22541e-10	1.00044e-09	2.06117e-09	3.43446e-09	5.03225e-09	6.76922e-09	8.57258e-09	1.03852e-08	1.21598e-08	1.38619e-08	1.54682e-08	1.69628e-08	1.83342e-08	1.95667e-08	2.06359e-08	2.14976e-08	2.20758e-08	2.24093e-08	2.25937e-08	2.26708e-08	2.26763e-08	2.26763e-08	2.26763e-08	2.26763e-08	2.26763e-08	2.26763e-08	2.26763e-08	2.26763e-08	2.26763e-08	2.26763e-08	2.26763e-08	2.26763e-08	2.26763e-08	2.26763e-08	2.26763e-08	2.26763e-08	2.26763e-08	2.26763e-08	2.26763e-08	2.26763e-08	2.26763e-08	2.26763e-08	2.26763e-08	2.26763e-08	2.26763e-08	2.26763e-08	2.26763e-08	2.26763e-08	2.26763e-08	2.26763e-08	2.26763e-08	2.26763e-08	2.26763e-08	2.26763e-08	2.26763e-08	2.26763e-08	2.26763e-08	2.26763e-08	2.26763e-08	2.26763e-08	2.26763e-08	2.26763e-08	2.26763e-08	2.26763e-08	2.26763e-08	2.26763e-08	2.26763e-08	2.26763e-08	2.26763e-08	2.26763e-08	2.26763e-08	2.26763e-08	2.26763e-08	2.26763e-08	2.26763e-08
24.12	2.84017e-11	3.51918e-10	1.09390e-09	2.25776e-09	3.76746e-09	5.52635e-09	7.43998e-09	9.42732e-09	1.14245e-08	1.33786e-08	1.52515e-08	1.70178e-08	1.86614e-08	2.01728e-08	2.15408e-08	2.27484e-08	2.37650e-08	2.45330e-08	2.49958e-08	2.52618e-08	2.53974e-08	2.54344e-08	2.54344e-08	2.54344e-08	2.54344e-08	2.54344e-08	2.54344e-08	2.54344e-08	2.54344e-08	2.54344e-08	2.54344e-08	2.54344e-08	2.54344e-08	2.54344e-08	2.54344e-08	2.54344e-08	2.54344e-08	2.54344e-08	2.54344e-08	2.54344e-08	2.54344e-08	2.54344e-08	2.54344e-08	2.54344e-08	2.54344e-08	2.54344e-08	2.54344e-08	2.54344e-08	2.54344e-08	2.54344e-08	2.54344e-08	2.54344e-08	2.54344e-08	2.54344e-08	2.54344e-08	2.54344e-08	2.54344e-08	2.54344e-08	2.54344e-08	2.54344e-08	2.54344e-08	2.54344e-08	2.54344e-08	2.54344e-08	2.54344e-08	2.54344e-08	2.54344e-08	2.54344e-08	2.54344e-08	2.54344e-08	2.54344e-08	2.54344e-08	2.54344e-08	2.54344e-08	2.54344e-08	2.54344e-08
24.18	3.08401e-11	3.83214e-10	1.19402e-09	2.46936e-09	4.12737e-09	6.06228e-09	8.16977e-09	1.03596e-08	1.25605e-08	1.47130e-08	1.67747e-08	1.87175e-08	2.05246e-08	2.21879e-08	2.36991e-08	2.50474e-08	2.62126e-08	2.71550e-08	2.77998e-08	2.81705e-08	2.83769e-08	2.84674e-08	2.84769e-08	2.84769e-08	2.84769e-08	2.84769e-08	2.84769e-08	2.84769e-08	2.84769e-08	2.84769e-08	2.84769e-08	2.84769e-08	2.84769e-08	2.84769e-08	2.84769e-08	2.84769e-08	2.84769e-08	2.84769e-08	2.84769e-08	2.84769e-08	2.84769e-08	2.84769e-08	2.84769e-08	2.84769e-08	2.84769e-08	2.84769e-08	2.84769e-08	2.84769e-08	2.84769e-08	2.84769e-08	2.84769e-08	2.84769e-08	2.84769e-08	2.84769e-08	2.84769e-08	2.84769e-08	2.84769e-08	2.84769e-08	2.84769e-08	2.84769e-08	2.84769e-08	2.84769e-08	2.84769e-08	2.84769e-08	2.84769e-08	2.84769e-08	2.84769e-08	2.84769e-08	2.84769e-08	2.84769e-08	2.84769e-08	2.84769e-08	2.84769e-08	2.84769e-08	2.84769e-08	2.84769e-08
24.24	3.34091e-11	4.16397e-10	1.30080e-09	2.69622e-09	4.51500e-09	6.64173e-09	8.96143e-09	1.13739e-08	1.37992e-08	1.61710e-08	1.84414e-08	2.05793e-08	2.25665e-08	2.43954e-08	2.60604e-08	2.75553e-08	2.88681e-08	2.99727e-08	3.08162e-08	3.13325e-08	3.16280e-08	3.17812e-08	3.18288e-08	3.18288e-08	3.18288e-08	3.18288e-08	3.18288e-08	3.18288e-08	3.18288e-08	3.18288e-08	3.18288e-08	3.18288e-08	3.18288e-08	3.18288e-08	3.18288e-08	3.18288e-08	3.18288e-08	3.18288e-08	3.18288e-08	3.18288e-08	3.18288e-08	3.18288e-08	3.18288e-08	3.18288e-08	3.18288e-08	3.18288e-08	3.18288e-08	3.18288e-08	3.18288e-08	3.18288e-08	3.18288e-08	3.18288e-08	3.18288e-08	3.18288e-08	3.18288e-08	3.18288e-08	3.18288e-08	3.18288e-08	3.18288e-08	3.18288e-08	3.18288e-08	3.18288e-08	3.18288e-08	3.18288e-08	3.18288e-08	3.18288e-08	3.18288e-08	3.18288e-08	3.18288e-08	3.18288e-08	3.18288e-08	3.18288e-08	3.18288e-08	3.18288e-08	3.18288e-08	3.18288e-08
24.30	3.60978e-11	4.51401e-10	1.41416e-09	2.93844e-09	4.93085e-09	7.26602e-09	9.81749e-09	1.24741e-08	1.51465e-08	1.77602e-08	2.02614e-08	2.26148e-08	2.48008e-08	2.68117e-08	2.86436e-08	3.02939e-08	3.17575e-08	3.30189e-08	3.40431e-08	3.47578e-08	3.51677e-08	3.53977e-08	3.55025e-08	3.55170e-08	3.55170e-08	3.55170e-08	3.55170e-08	3.55170e-08	3.55170e-08	3.55170e-08	3.55170e-08	3.55170e-08	3.55170e-08	3.55170e-08	3.55170e-08	3.55170e-08	3.55170e-08	3.55170e-08	3.55170e-08	3.55170e-08	3.55170e-08	3.55170e-08	3.55170e-08	3.55170e-08	3.55170e-08	3.55170e-08	3.55170e-08	3.55170e-08	3.55170e-08	3.55170e-08	3.55170e-08	3.55170e-08	3.55170e-08	3.55170e-08	3.55170e-08	3.55170e-08	3.55170e-08	3.55170e-08	3.55170e-08	3.55170e-08	3.55170e-08	3.55170e-08	3.55170e-08	3.55170e-08	3.55170e-08	3.55170e-08	3.55170e-08	3.55170e-08	3.55170e-08	3.55170e-08	3.55170e-08	3.55170e-08	3.55170e-08	3.55170e-08	3.55170e-08	3.55170e-08
24.36	3.88956e-11	4.88120e-10	1.53390e-09	3.19583e-09	5.37515e-09	7.93611e-09	1.07400e-08	1.36638e-08	1.66077e-08	1.94879e-08	2.22439e-08	2.48359e-08	2.72415e-08	2.94529e-08	3.14671e-08	3.32849e-08	3.49060e-08	3.63238e-08	3.75175e-08	3.84376e-08	3.90108e-08	3.93376e-08	3.95097e-08	3.95691e-08	3.95696e-08	3.95696e-08	3.95696e-08	3.95696e-08	3.95696e-08	3.95696e-08	3.95696e-08	3.95696e-08	3.95696e-08	3.95696e-08	3.95696e-08	3.95696e-08	3.95696e-08	3.95696e-08	3.95696e-08	3.95696e-08	3.95696e-08	3.95696e-08	3.95696e-08	3.95696e-08	3.95696e-08	3.95696e-08	3.95696e-08	3.95696e-08	3.95696e-08	3.95696e-08	3.95696e-08	3.95696e-08	3.95696e-08	3.95696e-08	3.95696e-08	3.95696e-08	3.95696e-08	3.95696e-08	3.95696e-08	3.95696e-08	3.95696e-08	3.95696e-08	3.95696e-08	3.95696e-08	3.95696e-08	3.95696e-08	3.95696e-08	3.95696e-08	3.95696e-08	3.95696e-08	3.95696e-08	3.95696e-08	3.95696e-08	3.95696e-08	3.95696e-08	3.95696e-08
24.42	4.17874e-11	5.26399e-10	1.65969e-09	3.46800e-09	5.84771e-09	8.65241e-09	1.17305e-08	1.49459e-08	1.81874e-08	2.13610e-08	2.43981e-08	2.72536e-08	2.99020e-08	3.23348e-08	3.45495e-08	3.65491e-08	3.83379e-08	3.99163e-08	4.12747e-08	4.23816e-08	4.31684e-08	4.36202e-08	4.38751e-08	4.39953e-08	4.40163e-08	4.40163e-08	4.40163e-08	4.40163e-08	4.40163e-08	4.40163e-08	4.40163e-08	4.40163e-08	4.40163e-08	4.40163e-08	4.40163e-08	4.40163e-08	4.40163e-08	4.40163e-08	4.40163e-08	4.40163e-08	4.40163e-08	4.40163e-08	4.40163e-08	4.40163e-08	4.40163e-08	4.40163e-08	4.40163e-08	4.40163e-08	4.40163e-08	4.40163e-08	4.40163e-08	4.40163e-08	4.40163e-08	4.40163e-08	4.40163e-08	4.40163e-08	4.40163e-08	4.40163e-08	4.40163e-08	4.40163e-08	4.40163e-08	4.40163e-08	4.40163e-08	4.40163e-08	4.40163e-08	4.40163e-08	4.40163e-08	4.40163e-08	4.40163e-08	4.40163e-08	4.40163e-08	4.40163e-08	4.40163e-08	4.40163e-08	4.40163e-08	4.40163e-08
24.48	4.47541e-11	5.66045e-10	1.79103e-09	3.75428e-09	6.34789e-09	9.41475e-09	1.27896e-08	1.63225e-08	1.98895e-08	2.33852e-08	2.67321e-08	2.98786e-08	3.27956e-08	3.54730e-08	3.79086e-08	4.01073e-08	4.20769e-08	4.38237e-08	4.53474e-08	4.66306e-08	4.76278e-08	4.82616e-08	4.86216e-08	4.88139e-08	4.88859e-08	4.88879e-08	4.88879e-08	4.88879e-08	4.88879e-08	4.88879e-08	4.88879e-08	4.88879e-08	4.88879e-08	4.88879e-08	4.88879e-08	4.88879e-08	4.88879e-08	4.88879e-08	4.88879e-08	4.88879e-08	4.88879e-08	4.88879e-08	4.88879e-08	4.88879e-08	4.88879e-08	4.88879e-08	4.88879e-08	4.88879e-08	4.88879e-08	4.88879e-08	4.88879e-08	4.88879e-08	4.88879e-08	4.88879e-08	4.88879e-08	4.88879e-08	4.88879e-08	4.88879e-08	4.88879e-08	4.88879e-08	4.88879e-08	4.88879e-08	4.88879e-08	4.88879e-08	4.88879e-08	4.88879e-08	4.88879e-08	4.88879e-08	4.88879e-08	4.88879e-08	4.88879e-08	4.88879e-08	4.88879e-08	4.88879e-08	4.88879e-08	4.88879e-08
24.54	4.77728e-11	6.06816e-10	1.92731e-09	4.05368e-09	6.87454e-09	1.02222e-08	1.39173e-08	1.77947e-08	2.17169e-08	2.55657e-08	2.92532e-08	3.27207e-08	3.59345e-08	3.88824e-08	4.15621e-08	4.39795e-08	4.61459e-08	4.80725e-08	4.97665e-08	5.12222e-08	5.24119e-08	5.32720e-08	5.37697e-08	5.40513e-08	5.41879e-08	5.42167e-08	5.42167e-08	5.42167e-08	5.42167e-08	5.42167e-08	5.42167e-08	5.42167e-08	5.42167e-08	5.42167e-08	5.42167e-08	5.42167e-08	5.42167e-08	5.42167e-08	5.42167e-08	5.42167e-08	5.42167e-08	5.42167e-08	5.42167e-08	5.42167e-08	5.42167e-08	5.42167e-08	5.42167e-08	5.42167e-08	5.42167e-08	5.42167e-08	5.42167e-08	5.42167e-08	5.42167e-08	5.42167e-08	5.42167e-08	5.42167e-08	5.42167e-08	5.42167e-08	5.42167e-08	5.42167e-08	5.42167e-08	5.42167e-08	5.42167e-08	5.42167e-08	5.42167e-08	5.42167e-08	5.42167e-08	5.42167e-08	5.42167e-08	5.42167e-08	5.42167e-08	5.42167e-08	5.42167e-08	5.42167e-08	5.42167e-08	5.42167e-08
24.60	5.08169e-11	6.48412e-10	2.06773e-09	4.36478e-09	7.42593e-09	1.10731e-08	1.51123e-08	1.93626e-08	2.36712e-08	2.79059e-08	3.19675e-08	3.57885e-08	3.93299e-08	4.25770e-08	4.55263e-08	4.81851e-08	5.05670e-08	5.26878e-08	5.45611e-08	5.61908e-08	5.75635e-08	5.86385e-08	5.93364e-08	5.97318e-08	5.99456e-08	6.00311e-08	6.00357e-08	6.00357e-08	6.00357e-08	6.00357e-08	6.00357e-08	6.00357e-08	6.00357e-08	6.00357e-08	6.00357e-08	6.00357e-08	6.00357e-08	6.00357e-08	6.00357e-08	6.00357e-08	6.00357e-08	6.00357e-08	6.00357e-08	6.00357e-08	6.00357e-08	6.00357e-08	6.00357e-08	6.00357e-08	6.00357e-08	6.00357e-08	6.00357e-08	6.00357e-08	6.00357e-08	6.00357e-08	6.00357e-08	6.00357e-08	6.00357e-08	6.00357e-08	6.00357e-08	6.00357e-08	6.00357e-08	6.00357e-08	6.00357e-08	6.00357e-08	6.00357e-08	6.00357e-08	6.00357e-08	6.00357e-08	6.00357e-08	6.00357e-08	6.00357e-08	6.00357e-08	6.00357e-08	6.00357e-08	6.00357e-08	6.00357e-08
24.66	5.38567e-11	6.90481e-10	2.21130e-09	4.68588e-09	7.99970e-09	1.19648e-08	1.63723e-08	2.10245e-08	2.57524e-08	3.04080e-08	3.48793e-08	3.90890e-08	4.29917e-08	4.65693e-08	4.98169e-08	5.27422e-08	5.53613e-08	5.76937e-08	5.97589e-08	6.15686e-08	6.31214e-08	6.43944e-08	6.53288e-08	6.58765e-08	6.61866e-08	6.63406e-08	6.63788e-08	6.63788e-08	6.63788e-08	6.63788e-08	6.63788e-08	6.63788e-08	6.63788e-08	6.63788e-08	6.63788e-08	6.63788e-08	6.63788e-08	6.63788e-08	6.63788e-08	6.63788e-08	6.63788e-08	6.63788e-08	6.63788e-08	6.63788e-08	6.63788e-08	6.63788e-08	6.63788e-08	6.63788e-08	6.63788e-08	6.63788e-08	6.63788e-08	6.63788e-08	6.63788e-08	6.63788e-08	6.63788e-08	6.63788e-08	6.63788e-08	6.63788e-08	6.63788e-08	6.63788e-08	6.63788e-08	6.63788e-08	6.63788e-08	6.63788e-08	6.63788e-08	6.63788e-08	6.63788e-08	6.63788e-08	6.63788e-08	6.63788e-08	6.63788e-08	6.63788e-08	6.63788e-08	6.63788e-08	6.63788e-08	6.63788e-08
24.73	5.68577e-11	7.32624e-10	2.35687e-09	5.01485e-09	8.59276e-09	1.28937e-08	1.76937e-08	2.27775e-08	2.79586e-08	3.30720e-08	3.79910e-08	4.26274e-08	4.69278e-08	5.08702e-08	5.44476e-08	5.76676e-08	6.05483e-08	6.31128e-08	6.53856e-08	6.73855e-08	6.91208e-08	7.05833e-08	7.17368e-08	7.25023e-08	7.29354e-08	7.31721e-08	7.32720e-08	7.32804e-08	7.32804e-08	7.32804e-08	7.32804e-08	7.32804e-08	7.32804e-08	7.32804e-08	7.32804e-08	7.32804e-08	7.32804e-08	7.32804e-08	7.32804e-08	7.32804e-08	7.32804e-08	7.32804e-08	7.32804e-08	7.32804e-08	7.32804e-08	7.32804e-08	7.32804e-08	7.32804e-08	7.32804e-08	7.32804e-08	7.32804e-08	7.32804e-08	7.32804e-08	7.32804e-08	7.32804e-08	7.32804e-08	7.32804e-08	7.32804e-08	7.32804e-08	7.32804e-08	7.32804e-08	7.32804e-08	7.32804e-08	7.32804e-08	7.32804e-08	7.32804e-08	7.32804e-08	7.32804e-08	7.32804e-08	7.32804e-08	7.32804e-08	7.32804e-08	7.32804e-08	7.32804e-08	7.32804e-08	7.32804e-08
24.79	5.97831e-11	7.74387e-10	2.50308e-09	5.34912e-09	9.20136e-09	1.38551e-08	1.90713e-08	2.46168e-08	3.02861e-08	3.58958e-08	4.13028e-08	4.64063e-08	5.11441e-08	5.54886e-08	5.94302e-08	6.29761e-08	6.61460e-08	6.89659e-08	7.14652e-08	7.36691e-08	7.55940e-08	7.72439e-08	7.86008e-08	7.96107e-08	8.02127e-08	8.05529e-08	8.07254e-08	8.07748e-08	8.07748e-08	8.07748e-08	8.07748e-08	8.07748e-08	8.07748e-08	8.07748e-08	8.07748e-08	8.07748e-08	8.07748e-08	8.07748e-08	8.07748e-08	8.07748e-08	8.07748e-08	8.07748e-08	8.07748e-08	8.07748e-08	8.07748e-08	8.07748e-08	8.07748e-08	8.07748e-08	8.07748e-08	8.07748e-08	8.07748e-08	8.07748e-08	8.07748e-08	8.07748e-08	8.07748e-08	8.07748e-08	8.07748e-08	8.07748e-08	8.07748e-08	8.07748e-08	8.07748e-08	8.07748e-08	8.07748e-08	8.07748e-08	8.07748e-08	8.07748e-08	8.07748e-08	8.07748e-08	8.07748e-08	8.07748e-08	8.07748e-08	8.07748e-08	8.07748e-08	8.07748e-08	8.07748e-08	8.07748e-08
24.85	6.25940e-11	8.15269e-10	2.64844e-09	5.68573e-09	9.82096e-09	1.48429e-08	2.04984e-08	2.65354e-08	3.27288e-08	3.88746e-08	4.48121e-08	5.04259e-08	5.56433e-08	6.04305e-08	6.47741e-08	6.86803e-08	7.21697e-08	7.52715e-08	7.80195e-08	8.04445e-08	8.25704e-08	8.44113e-08	8.59639e-08	8.71970e-08	8.80337e-08	8.85067e-08	8.87676e-08	8.88828e-08	8.88964e-08	8.88964e-08	8.88964e-08	8.88964e-08	8.88964e-08	8.88964e-08	8.88964e-08	8.88964e-08	8.88964e-08	8.88964e-08	8.88964e-08	8.88964e-08	8.88964e-08	8.88964e-08	8.88964e-08	8.88964e-08	8.88964e-08	8.88964e-08	8.88964e-08	8.88964e-08	8.88964e-08	8.88964e-08	8.88964e-08	8.88964e-08	8.88964e-08	8.88964e-08	8.88964e-08	8.88964e-08	8.88964e-08	8.88964e-08	8.88964e-08	8.88964e-08	8.88964e-08	8.88964e-08	8.88964e-08	8.88964e-08	8.88964e-08	8.88964e-08	8.88964e-08	8.88964e-08	8.88964e-08	8.88964e-08	8.88964e-08	8.88964e-08	8.88964e-08	8.88964e-08	8.88964e-08	8.88964e-08
24.91	6.52475e-11	8.54742e-10	2.79124e-09	6.02129e-09	1.04462e-08	1.58503e-08	2.19666e-08	2.85243e-08	3.52778e-08	4.20008e-08	4.85131e-08	5.46828e-08	6.04252e-08	6.56989e-08	7.04855e-08	7.47896e-08	7.86325e-08	8.20458e-08	8.50677e-08	8.77342e-08	9.00761e-08	9.21162e-08	9.38635e-08	9.53052e-08	9.63919e-08	9.70519e-08	9.74242e-08	9.76164e-08	9.76786e-08	9.76787e-08	9.76787e-08	9.76787e-08	9.76787e-08	9.76787e-08	9.76787e-08	9.76787e-08	9.76787e-08	9.76787e-08	9.76787e-08	9.76787e-08	9.76787e-08	9.76787e-08	9.76787e-08	9.76787e-08	9.76787e-08	9.76787e-08	9.76787e-08	9.76787e-08	9.76787e-08	9.76787e-08	9.76787e-08	9.76787e-08	9.76787e-08	9.76787e-08	9.76787e-08	9.76787e-08	9.76787e-08	9.76787e-08	9.76787e-08	9.76787e-08	9.76787e-08	9.76787e-08	9.76787e-08	9.76787e-08	9.76787e-08	9.76787e-08	9.76787e-08	9.76787e-08	9.76787e-08	9.76787e-08	9.76787e-08	9.76787e-08	9.76787e-08	9.76787e-08	9.76787e-08	9.76787e-08
24.97	6.77013e-11	8.92232e-10	2.92969e-09	6.35207e-09	1.10712e-08	1.68688e-08	2.34657e-08	3.05724e-08	3.79215e-08	4.52637e-08	5.23965e-08	5.91701e-08	6.54857e-08	7.12928e-08	7.65670e-08	8.13101e-08	8.55436e-08	8.93015e-08	9.26257e-08	9.55575e-08	9.81338e-08	1.00386e-07	1.02332e-07	1.03976e-07	1.05290e-07	1.06200e-07	1.06716e-07	1.07003e-07	1.07134e-07	1.07154e-07	1.07154e-07	1.07154e-07	1.07154e-07	1.07154e-07	1.07154e-07	1.07154e-07	1.07154e-07	1.07154e-07	1.07154e-07	1.07154e-07	1.07154e-07	1.07154e-07	1.07154e-07	1.07154e-07	1.07154e-07	1.07154e-07	1.07154e-07	1.07154e-07	1.07154e-07	1.07154e-07	1.07154e-07	1.07154e-07	1.07154e-07	1.07154e-07	1.07154e-07	1.07154e-07	1.07154e-07	1.07154e-07	1.07154e-07	1.07154e-07	1.07154e-07	1.07154e-07	1.07154e-07	1.07154e-07	1.07154e-07	1.07154e-07	1.07154e-07	1.07154e-07	1.07154e-07	1.07154e-07	1.07154e-07	1.07154e-07	1.07154e-07	1.07154e-07	1.07154e-07	1.07154e-07
25.03	6.99133e-11	9.27149e-10	3.06184e-09	6.67398e-09	1.16889e-08	1.78889e-08	2.49837e-08	3.26658e-08	4.06455e-08	4.86487e-08	5.64492e-08	6.38767e-08	7.08165e-08	7.72072e-08	8.30170e-08	8.82438e-08	9.29087e-08	9.70474e-08	1.00706e-07	1.03930e-07	1.06763e-07	1.09243e-07	1.11398e-07	1.13244e-07	1.14771e-07	1.15935e-07	1.16658e-07	1.17064e-07	1.17277e-07	1.17353e-07	1.17354e-07	1.17354e-07	1.17354e-07	1.17354e-07	1.17354e-07	1.17354e-07	1.17354e-07	1.17354e-07	1.17354e-07	1.17354e-07	1.17354e-07	1.17354e-07	1.17354e-07	1.17354e-07	1.17354e-07	1.17354e-07	1.17354e-07	1.17354e-07	1.17354e-07	1.17354e-07	1.17354e-07	1.17354e-07	1.17354e-07	1.17354e-07	1.17354e-07	1.17354e-07	1.17354e-07	1.17354e-07	1.17354e-07	1.17354e-07	1.17354e-07	1.17354e-07	1.17354e-07	1.17354e-07	1.17354e-07	1.17354e-07	1.17354e-07	1.17354e-07	1.17354e-07	1.17354e-07	1.17354e-07	1.17354e-07	1.17354e-07	1.17354e-07	1.17354e-07	1.17354e-07
25.09	7.18396e-11	9.58907e-10	3.18569e-09	6.98266e-09	1.22922e-08	1.88999e-08	2.65070e-08	3.47883e-08	4.34321e-08	5.21378e-08	6.06538e-08	6.87870e-08	7.64045e-08	8.34321e-08	8.98289e-08	9.55879e-08	1.00729e-07	1.05288e-07	1.09316e-07	1.12863e-07	1.15978e-07	1.18706e-07	1.21084e-07	1.23137e-07	1.24873e-07	1.26268e-07	1.27255e-07	1.27816e-07	1.28130e-07	1.28279e-07	1.28307e-07	1.28307e-07	1.28307e-07	1.28307e-07	1.28307e-07	1.28307e-07	1.28307e-07	1.28307e-07	1.28307e-07	1.28307e-07	1.28307e-07	1.28307e-07	1.28307e-07	1.28307e-07	1.28307e-07	1.28307e-07	1.28307e-07	1.28307e-07	1.28307e-07	1.28307e-07	1.28307e-07	1.28307e-07	1.28307e-07	1.28307e-07	1.28307e-07	1.28307e-07	1.28307e-07	1.28307e-07	1.28307e-07	1.28307e-07	1.28307e-07	1.28307e-07	1.28307e-07	1.28307e-07	1.28307e-07	1.28307e-07	1.28307e-07	1.28307e-07	1.28307e-07	1.28307e-07	1.28307e-07	1.28307e-07	1.28307e-07	1.28307e-07	1.28307e-07	1.28307e-07
25.15	7.34413e-11	9.86911e-10	3.29918e-09	7.27354e-09	1.28731e-08	1.98902e-08	2.80201e-08	3.69215e-08	4.62605e-08	5.57093e-08	6.49886e-08	7.38804e-08	8.22313e-08	8.99520e-08	9.69908e-08	1.03334e-07	1.08999e-07	1.14024e-07	1.18460e-07	1.22364e-07	1.25789e-07	1.28789e-07	1.31406e-07	1.33678e-07	1.35624e-07	1.37238e-07	1.38480e-07	1.39268e-07	1.39711e-07	1.39946e-07	1.40037e-07	1.40040e-07	1.40040e-07	1.40040e-07	1.40040e-07	1.40040e-07	1.40040e-07	1.40040e-07	1.40040e-07	1.40040e-07	1.40040e-07	1.40040e-07	1.40040e-07	1.40040e-07	1.40040e-07	1.40040e-07	1.40040e-07	1.40040e-07	1.40040e-07	1.40040e-07	1.40040e-07	1.40040e-07	1.40040e-07	1.40040e-07	1.40040e-07	1.40040e-07	1.40040e-07	1.40040e-07	1.40040e-07	1.40040e-07	1.40040e-07	1.40040e-07	1.40040e-07	1.40040e-07	1.40040e-07	1.40040e-07	1.40040e-07	1.40040e-07	1.40040e-07	1.40040e-07	1.40040e-07	1.40040e-07	1.40040e-07	1.40040e-07	1.40040e-07	1.40040e-07
25.21	7.46810e-11	1.01059e-09	3.40027e-09	7.54194e-09	1.34231e-08	2.08470e-08	2.95060e-08	3.90444e-08	4.91066e-08	5.93371e-08	6.94270e-08	7.91312e-08	8.82729e-08	9.67457e-08	1.04485e-07	1.11468e-07	1.17710e-07	1.23247e-07	1.28135e-07	1.32433e-07	1.36202e-07	1.39500e-07	1.42379e-07	1.44884e-07	1.47046e-07	1.48874e-07	1.50352e-07	1.51415e-07	1.52027e-07	1.52371e-07	1.52538e-07	1.52576e-07	1.52576e-07	1.52576e-07	1.52576e-07	1.52576e-07	1.52576e-07	1.52576e-07	1.52576e-07	1.52576e-07	1.52576e-07	1.52576e-07	1.52576e-07	1.52576e-07	1.52576e-07	1.52576e-07	1.52576e-07	1.52576e-07	1.52576e-07	1.52576e-07	1.52576e-07	1.52576e-07	1.52576e-07	1.52576e-07	1.52576e-07	1.52576e-07	1.52576e-07	1.52576e-07	1.52576e-07	1.52576e-07	1.52576e-07	1.52576e-07	1.52576e-07	1.52576e-07	1.52576e-07	1.52576e-07	1.52576e-07	1.52576e-07	1.52576e-07	1.52576e-07	1.52576e-07	1.52576e-07	1.52576e-07	1.52576e-07	1.52576e-07	1.52576e-07
25.27	7.55255e-11	1.02942e-09	3.48696e-09	7.78317e-09	1.39338e-08	2.17572e-08	3.09463e-08	4.11339e-08	5.19435e-08	6.29913e-08	7.39377e-08	8.45079e-08	9.44993e-08	1.03786e-07	1.12286e-07	1.19970e-07	1.26844e-07	1.32946e-07	1.38332e-07	1.43066e-07	1.47215e-07	1.50842e-07	1.54008e-07	1.56765e-07	1.59155e-07	1.61200e-07	1.62901e-07	1.64223e-07	1.65080e-07	1.65562e-07	1.65821e-07	1.65927e-07	1.65934e-07	1.65934e-07	1.65934e-07	1.65934e-07	1.65934e-07	1.65934e-07	1.65934e-07	1.65934e-07	1.65934e-07	1.65934e-07	1.65934e-07	1.65934e-07	1.65934e-07	1.65934e-07	1.65934e-07	1.65934e-07	1.65934e-07	1.65934e-07	1.65934e-07	1.65934e-07	1.65934e-07	1.65934e-07	1.65934e-07	1.65934e-07	1.65934e-07	1.65934e-07	1.65934e-07	1.65934e-07	1.65934e-07	1.65934e-07	1.65934e-07	1.65934e-07	1.65934e-07	1.65934e-07	1.65934e-07	1.65934e-07	1.65934e-07	1.65934e-07	1.65934e-07	1.65934e-07	1.65934e-07	1.65934e-07	1.65934e-07	1.65934e-07
25.33	7.59484e-11	1.04295e-09	3.55741e-09	7.99264e-09	1.43965e-08	2.26068e-08	3.23215e-08	4.31649e-08	5.47412e-08	6.66384e-08	7.84849e-08	8.99738e-08	1.00874e-07	1.11037e-07	1.20364e-07	1.28810e-07	1.36378e-07	1.43100e-07	1.49035e-07	1.54252e-07	1.58820e-07	1.62811e-07	1.66292e-07	1.69325e-07	1.71959e-07	1.74229e-07	1.76151e-07	1.77711e-07	1.78852e-07	1.79520e-07	1.79895e-07	1.80081e-07	1.80131e-07	1.80131e-07	1.80131e-07	1.80131e-07	1.80131e-07	1.80131e-07	1.80131e-07	1.80131e-07	1.80131e-07	1.80131e-07	1.80131e-07	1.80131e-07	1.80131e-07	1.80131e-07	1.80131e-07	1.80131e-07	1.80131e-07	1.80131e-07	1.80131e-07	1.80131e-07	1.80131e-07	1.80131e-07	1.80131e-07	1.80131e-07	1.80131e-07	1.80131e-07	1.80131e-07	1.80131e-07	1.80131e-07	1.80131e-07	1.80131e-07	1.80131e-07	1.80131e-07	1.80131e-07	1.80131e-07	1.80131e-07	1.80131e-07	1.80131e-07	1.80131e-07	1.80131e-07	1.80131e-07	1.80131e-07	1.80131e-07	1.80131e-07
25.39	7.59300e-11	1.05073e-09	3.60989e-09	8.16600e-09	1.48025e-08	2.33819e-08	3.36115e-08	4.51108e-08	5.74673e-08	7.02411e-08	8.30277e-08	9.54866e-08	1.07355e-07	1.18459e-07	1.28679e-07	1.37955e-07	1.46280e-07	1.53682e-07	1.60223e-07	1.65972e-07	1.71004e-07	1.75397e-07	1.79226e-07	1.82560e-07	1.85458e-07	1.87966e-07	1.90113e-07	1.91902e-07	1.93304e-07	1.94235e-07	1.94758e-07	1.95042e-07	1.95165e-07	1.95176e-07	1.95176e-07	1.95176e-07	1.95176e-07	1.95176e-07	1.95176e-07	1.95176e-07	1.95176e-07	1.95176e-07	1.95176e-07	1.95176e-07	1.95176e-07	1.95176e-07	1.95176e-07	1.95176e-07	1.95176e-07	1.95176e-07	1.95176e-07	1.95176e-07	1.95176e-07	1.95176e-07	1.95176e-07	1.95176e-07	1.95176e-07	1.95176e-07	1.95176e-07	1.95176e-07	1.95176e-07	1.95176e-07	1.95176e-07	1.95176e-07	1.95176e-07	1.95176e-07	1.95176e-07	1.95176e-07	1.95176e-07	1.95176e-07	1.95176e-07	1.95176e-07	1.95176e-07	1.95176e-07	1.95176e-07	1.95176e-07
25.45	7.54577e-11	1.05251e-09	3.64300e-09	8.29925e-09	1.51439e-08	2.40686e-08	3.47958e-08	4.69439e-08	6.00870e-08	7.37588e-08	8.75213e-08	1.00998e-07	1.13893e-07	1.26003e-07	1.37185e-07	1.47360e-07	1.56510e-07	1.64658e-07	1.71863e-07	1.78199e-07	1.83743e-07	1.88581e-07	1.92794e-07	1.96460e-07	1.99648e-07	2.02411e-07	2.04791e-07	2.06807e-07	2.08451e-07	2.09672e-07	2.10400e-07	2.10808e-07	2.11015e-07	2.11078e-07	2.11078e-07	2.11078e-07	2.11078e-07	2.11078e-07	2.11078e-07	2.11078e-07	2.11078e-07	2.11078e-07	2.11078e-07	2.11078e-07	2.11078e-07	2.11078e-07	2.11078e-07	2.11078e-07	2.11078e-07	2.11078e-07	2.11078e-07	2.11078e-07	2.11078e-07	2.11078e-07	2.11078e-07	2.11078e-07	2.11078e-07	2.11078e-07	2.11078e-07	2.11078e-07	2.11078e-07	2.11078e-07	2.11078e-07	2.11078e-07	2.11078e-07	2.11078e-07	2.11078e-07	2.11078e-07	2.11078e-07	2.11078e-07	2.11078e-07	2.11078e-07	2.11078e-07	2.11078e-07	2.11078e-07	2.11078e-07
25.51	7.45273e-11	1.04805e-09	3.65553e-09	8.38890e-09	1.54130e-08	2.46537e-08	3.58537e-08	4.86359e-08	6.25644e-08	7.71483e-08	9.19167e-08	1.06456e-07	1.20434e-07	1.33614e-07	1.45827e-07	1.56973e-07	1.67020e-07	1.75982e-07	1.83917e-07	1.90898e-07	1.97007e-07	2.02337e-07	2.06975e-07	2.11008e-07	2.14513e-07	2.17553e-07	2.20180e-07	2.22428e-07	2.24307e-07	2.25791e-07	2.26799e-07	2.27365e-07	2.27677e-07	2.27816e-07	2.27835e-07	2.27835e-07	2.27835e-07	2.27835e-07	2.27835e-07	2.27835e-07	2.27835e-07	2.27835e-07	2.27835e-07	2.27835e-07	2.27835e-07	2.27835e-07	2.27835e-07	2.27835e-07	2.27835e-07	2.27835e-07	2.27835e-07	2.27835e-07	2.27835e-07	2.27835e-07	2.27835e-07	2.27835e-07	2.27835e-07	2.27835e-07	2.27835e-07	2.27835e-07	2.27835e-07	2.27835e-07	2.27835e-07	2.27835e-07	2.27835e-07	2.27835e-07	2.27835e-07	2.27835e-07	2.27835e-07	2.27835e-07	2.27835e-07	2.27835e-07	2.27835e-07	2.27835e-07	2.27835e-07	2.27835e-07
25.57	7.31451e-11	1.03727e-09	3.64671e-09	8.43213e-09	1.56032e-08	2.51247e-08	3.67656e-08	5.01586e-08	6.48623e-08	8.03645e-08	9.61617e-08	1.11802e-07	1.26915e-07	1.41230e-07	1.54544e-07	1.66736e-07	1.77753e-07	1.87603e-07	1.96335e-07	2.04025e-07	2.10758e-07	2.16630e-07	2.21739e-07	2.26177e-07	2.30031e-07	2.33374e-07	2.36268e-07	2.38758e-07	2.40870e-07	2.42600e-07	2.43901e-07	2.44693e-07	2.45136e-07	2.45366e-07	2.45443e-07	2.45443e-07	2.45443e-07	2.45443e-07	2.45443e-07	2.45443e-07	2.45443e-07	2.45443e-07	2.45443e-07	2.45443e-07	2.45443e-07	2.45443e-07	2.45443e-07	2.45443e-07	2.45443e-07	2.45443e-07	2.45443e-07	2.45443e-07	2.45443e-07	2.45443e-07	2.45443e-07	2.45443e-07	2.45443e-07	2.45443e-07	2.45443e-07	2.45443e-07	2.45443e-07	2.45443e-07	2.45443e-07	2.45443e-07	2.45443e-07	2.45443e-07	2.45443e-07	2.45443e-07	2.45443e-07	2.45443e-07	2.45443e-07	2.45443e-07	2.45443e-07	2.45443e-07	2.45443e-07	2.45443e-07
25.64	7.13246e-11	1.02019e-09	3.61607e-09	8.42677e-09	1.57087e-08	2.54704e-08	3.75126e-08	5.14844e-08	6.69438e-08	8.33610e-08	1.00202e-07	1.16976e-07	1.33271e-07	1.48781e-07	1.63267e-07	1.76579e-07	1.88645e-07	1.99457e-07	2.09061e-07	2.17528e-07	2.24947e-07	2.31418e-07	2.37046e-07	2.41932e-07	2.46172e-07	2.49847e-07	2.53031e-07	2.55779e-07	2.58131e-07	2.60100e-07	2.61667e-07	2.62755e-07	2.63368e-07	2.63708e-07	2.63866e-07	2.63892e-07	2.63892e-07	2.63892e-07	2.63892e-07	2.63892e-07	2.63892e-07	2.63892e-07	2.63892e-07	2.63892e-07	2.63892e-07	2.63892e-07	2.63892e-07	2.63892e-07	2.63892e-07	2.63892e-07	2.63892e-07	2.63892e-07	2.63892e-07	2.63892e-07	2.63892e-07	2.63892e-07	2.63892e-07	2.63892e-07	2.63892e-07	2.63892e-07	2.63892e-07	2.63892e-07	2.63892e-07	2.63892e-07	2.63892e-07	2.63892e-07	2.63892e-07	2.63892e-07	2.63892e-07	2.63892e-07	2.63892e-07	2.63892e-07	2.63892e-07	2.63892e-07	2.63892e-07	2.63892e-07
25.70	6.90898e-11	9.96985e-10	3.56359e-09	8.37160e-09	1.57255e-08	2.56814e-08	3.80780e-08	5.25872e-08	6.87725e-08	8.60908e-08	1.03980e-07	1.21912e-07	1.39432e-07	1.56193e-07	1.71919e-07	1.86427e-07	1.99621e-07	2.11475e-07	2.22027e-07	2.31345e-07	2.39517e-07	2.46648e-07	2.52849e-07	2.58231e-07	2.62897e-07	2.66939e-07	2.70439e-07	2.73465e-07	2.76068e-07	2.78278e-07	2.80095e-07	2.81477e-07	2.82337e-07	2.82818e-07	2.83071e-07	2.83163e-07	2.83165e-07	2.83165e-07	2.83165e-07	2.83165e-07	2.83165e-07	2.83165e-07	2.83165e-07	2.83165e-07	2.83165e-07	2.83165e-07	2.83165e-07	2.83165e-07	2.83165e-07	2.83165e-07	2.83165e-07	2.83165e-07	2.83165e-07	2.83165e-07	2.83165e-07	2.83165e-07	2.83165e-07	2.83165e-07	2.83165e-07	2.83165e-07	2.83165e-07	2.83165e-07	2.83165e-07	2.83165e-07	2.83165e-07	2.83165e-07	2.83165e-07	2.83165e-07	2.83165e-07	2.83165e-07	2.83165e-07	2.83165e-07	2.83165e-07	2.83165e-07	2.83165e-07	2.83165e-07
25.76	6.64727e-11	9.67930e-10	3.48970e-09	8.26628e-09	1.56505e-08	2.57500e-08	3.84471e-08	5.34430e-08	7.03136e-08	8.85082e-08	1.07440e-07	1.26544e-07	1.45324e-07	1.63387e-07	1.80418e-07	1.96197e-07	2.10598e-07	2.23577e-07	2.35158e-07	2.45404e-07	2.54401e-07	2.62258e-07	2.69092e-07	2.75021e-07	2.80158e-07	2.84606e-07	2.88455e-07	2.91783e-07	2.94654e-07	2.97111e-07	2.99173e-07	3.00823e-07	3.01992e-07	3.02657e-07	3.03027e-07	3.03204e-07	3.03240e-07	3.03240e-07	3.03240e-07	3.03240e-07	3.03240e-07	3.03240e-07	3.03240e-07	3.03240e-07	3.03240e-07	3.03240e-07	3.03240e-07	3.03240e-07	3.03240e-07	3.03240e-07	3.03240e-07	3.03240e-07	3.03240e-07	3.03240e-07	3.03240e-07	3.03240e-07	3.03240e-07	3.03240e-07	3.03240e-07	3.03240e-07	3.03240e-07	3.03240e-07	3.03240e-07	3.03240e-07	3.03240e-07	3.03240e-07	3.03240e-07	3.03240e-07	3.03240e-07	3.03240e-07	3.03240e-07	3.03240e-07	3.03240e-07	3.03240e-07	3.03240e-07	3.03240e-07
25.82	6.35140e-11	9.33433e-10	3.39523e-09	8.11145e-09	1.54829e-08	2.56712e-08	3.86079e-08	5.40308e-08	7.15352e-08	9.05691e-08	1.10526e-07	1.30806e-07	1.50869e-07	1.70280e-07	1.88676e-07	2.05798e-07	2.21487e-07	2.35675e-07	2.48370e-07	2.59625e-07	2.69524e-07	2.78179e-07	2.85709e-07	2.92242e-07	2.97901e-07	3.02796e-07	3.07029e-07	3.10688e-07	3.13849e-07	3.16566e-07	3.18875e-07	3.20780e-07	3.22244e-07	3.23176e-07	3.23697e-07	3.23973e-07	3.24082e-07	3.24087e-07	3.24087e-07	3.24087e-07	3.24087e-07	3.24087e-07	3.24087e-07	3.24087e-07	3.24087e-07	3.24087e-07	3.24087e-07	3.24087e-07	3.24087e-07	3.24087e-07	3.24087e-07	3.24087e-07	3.24087e-07	3.24087e-07	3.24087e-07	3.24087e-07	3.24087e-07	3.24087e-07	3.24087e-07	3.24087e-07	3.24087e-07	3.24087e-07	3.24087e-07	3.24087e-07	3.24087e-07	3.24087e-07	3.24087e-07	3.24087e-07	3.24087e-07	3.24087e-07	3.24087e-07	3.24087e-07	3.24087e-07	3.24087e-07	3.24087e-07	3.24087e-07
25.88	6.02596e-11	8.94012e-10	3.28147e-09	7.90874e-09	1.52232e-08	2.54423e-08	3.85521e-08	5.43335e-08	7.24088e-08	9.22323e-08	1.13183e-07	1.34630e-07	1.55991e-07	1.76784e-07	1.96600e-07	2.15134e-07	2.32191e-07	2.47673e-07	2.61568e-07	2.73918e-07	2.84802e-07	2.94329e-07	3.02625e-07	3.09825e-07	3.16060e-07	3.21450e-07	3.26107e-07	3.30131e-07	3.33607e-07	3.36603e-07	3.39167e-07	3.41322e-07	3.43057e-07	3.44308e-07	3.45029e-07	3.45431e-07	3.45626e-07	3.45673e-07	3.45673e-07	3.45673e-07	3.45673e-07	3.45673e-07	3.45673e-07	3.45673e-07	3.45673e-07	3.45673e-07	3.45673e-07	3.45673e-07	3.45673e-07	3.45673e-07	3.45673e-07	3.45673e-07	3.45673e-07	3.45673e-07	3.45673e-07	3.45673e-07	3.45673e-07	3.45673e-07	3.45673e-07	3.45673e-07	3.45673e-07	3.45673e-07	3.45673e-07	3.45673e-07	3.45673e-07	3.45673e-07	3.45673e-07	3.45673e-07	3.45673e-07	3.45673e-07	3.45673e-07	3.45673e-07	3.45673e-07	3.45673e-07	3.45673e-07	3.45673e-07
25.94	5.67628e-11	8.50284e-10	3.15008e-09	7.66078e-09	1.48738e-08	2.50637e-08	3.82746e-08	5.43378e-08	7.29106e-08	9.34612e-08	1.15361e-07	1.37952e-07	1.60613e-07	1.82814e-07	2.04096e-07	2.24106e-07	2.42607e-07	2.59467e-07	2.74651e-07	2.88186e-07	3.00140e-07	3.10621e-07	3.19758e-07	3.27692e-07	3.34563e-07	3.40500e-07	3.45626e-07	3.50052e-07	3.53873e-07	3.57171e-07	3.60005e-07	3.62414e-07	3.64408e-07	3.65954e-07	3.66962e-07	3.67524e-07	3.67826e-07	3.67950e-07	3.67960e-07	3.67960e-07	3.67960e-07	3.67960e-07	3.67960e-07	3.67960e-07	3.67960e-07	3.67960e-07	3.67960e-07	3.67960e-07	3.67960e-07	3.67960e-07	3.67960e-07	3.67960e-07	3.67960e-07	3.67960e-07	3.67960e-07	3.67960e-07	3.67960e-07	3.67960e-07	3.67960e-07	3.67960e-07	3.67960e-07	3.67960e-07	3.67960e-07	3.67960e-07	3.67960e-07	3.67960e-07	3.67960e-07	3.67960e-07	3.67960e-07	3.67960e-07	3.67960e-07	3.67960e-07	3.67960e-07	3.67960e-07	3.67960e-07	3.67960e-07
26.00	5.30794e-11	8.02951e-10	3.00311e-09	7.37112e-09	1.44391e-08	2.45383e-08	3.77749e-08	5.40362e-08	7.30223e-08	9.42243e-08	1.17013e-07	1.40711e-07	1.64659e-07	1.88282e-07	2.11066e-07	2.32609e-07	2.52627e-07	2.70949e-07	2.87513e-07	3.02322e-07	3.15437e-07	3.26958e-07	3.37016e-07	3.45757e-07	3.53328e-07	3.59870e-07	3.65515e-07	3.70385e-07	3.74587e-07	3.78213e-07	3.81336e-07	3.84009e-07	3.86259e-07	3.88080e-07	3.89412e-07	3.90192e-07	3.90626e-07	3.90842e-07	3.90901e-07	3.90901e-07	3.90901e-07	3.90901e-07	3.90901e-07	3.90901e-07	3.90901e-07	3.90901e-07	3.90901e-07	3.90901e-07	3.90901e-07	3.90901e-07	3.90901e-07	3.90901e-07	3.90901e-07	3.90901e-07	3.90901e-07	3.90901e-07	3.90901e-07	3.90901e-07	3.90901e-07	3.90901e-07	3.90901e-07	3.90901e-07	3.90901e-07	3.90901e-07	3.90901e-07	3.90901e-07	3.90901e-07	3.90901e-07	3.90901e-07	3.90901e-07	3.90901e-07	3.90901e-07	3.90901e-07	3.90901e-07	3.90901e-07	3.90901e-07
