# NeutrinoPhotonNeutrinoUpPair interaction rates
# neutrino field: cosmic infrared and optical background radiation (best) model of Saldana-Lopez et al. 2021 (arXiv:2012.03035)
# Produced with crpropa-data version: b4d40dba332f6b1ad7c4075ede4da4da0e3840ac
# log10(E/eV), 1/lambda [1/Mpc]
11.64	0.0000000e+00
11.70	0.0000000e+00
11.76	0.0000000e+00
11.82	0.0000000e+00
11.88	0.0000000e+00
11.94	0.0000000e+00
12.00	0.0000000e+00
12.06	0.0000000e+00
12.12	0.0000000e+00
12.19	0.0000000e+00
12.25	0.0000000e+00
12.31	0.0000000e+00
12.37	0.0000000e+00
12.43	0.0000000e+00
12.49	0.0000000e+00
12.55	0.0000000e+00
12.61	0.0000000e+00
12.67	0.0000000e+00
12.73	0.0000000e+00
12.79	0.0000000e+00
12.85	0.0000000e+00
12.91	0.0000000e+00
12.97	0.0000000e+00
13.04	0.0000000e+00
13.10	0.0000000e+00
13.16	0.0000000e+00
13.22	0.0000000e+00
13.28	0.0000000e+00
13.34	0.0000000e+00
13.40	0.0000000e+00
13.46	0.0000000e+00
13.52	0.0000000e+00
13.58	0.0000000e+00
13.64	0.0000000e+00
13.70	0.0000000e+00
13.76	0.0000000e+00
13.82	0.0000000e+00
13.89	0.0000000e+00
13.95	0.0000000e+00
14.01	0.0000000e+00
14.07	0.0000000e+00
14.13	0.0000000e+00
14.19	0.0000000e+00
14.25	0.0000000e+00
14.31	1.3124167e-33
14.37	2.7341017e-31
14.43	8.3642208e-30
14.49	8.5324888e-29
14.55	4.9404020e-28
14.61	2.0329770e-27
14.68	6.6431458e-27
14.74	1.8373982e-26
14.80	4.4825870e-26
14.86	9.9225894e-26
14.92	2.0327996e-25
14.98	3.9096373e-25
15.04	7.1357698e-25
15.10	1.2466733e-24
15.16	2.0997369e-24
15.22	3.4296207e-24
15.28	5.4587489e-24
15.34	8.4989305e-24
15.40	1.2981507e-23
15.46	1.9494713e-23
15.53	2.8829398e-23
15.59	4.2034391e-23
15.65	6.0482761e-23
15.71	8.5950282e-23
15.77	1.2070750e-22
15.83	1.6762643e-22
15.89	2.3030250e-22
15.95	3.1319262e-22
16.01	4.2177138e-22
16.07	5.6270916e-22
16.13	7.4407856e-22
16.19	9.7559722e-22
16.25	1.2689174e-21
16.31	1.6379756e-21
16.38	2.0994186e-21
16.44	2.6731227e-21
16.50	3.3828264e-21
16.56	4.2568923e-21
16.62	5.3292205e-21
16.68	6.6403319e-21
16.74	8.2386479e-21
16.80	1.0182009e-20
16.86	1.2539474e-20
16.92	1.5393470e-20
16.98	1.8842376e-20
17.04	2.3003656e-20
17.10	2.8017707e-20
17.16	3.4052576e-20
17.23	4.1309797e-20
17.29	5.0031578e-20
17.35	6.0509679e-20
17.41	7.3096305e-20
17.47	8.8217418e-20
17.53	1.0638878e-19
17.59	1.2823513e-19
17.65	1.5451270e-19
17.71	1.8613562e-19
17.77	2.2420632e-19
17.83	2.7005032e-19
17.89	3.2525586e-19
17.95	3.9171930e-19
18.01	4.7169709e-19
18.07	5.6786600e-19
18.14	6.8339282e-19
18.20	8.2201601e-19
18.26	9.8814135e-19
18.32	1.1869545e-18
18.38	1.4245539e-18
18.44	1.7081065e-18
18.50	2.0460310e-18
18.56	2.4482127e-18
18.62	2.9262555e-18
18.68	3.4937769e-18
18.74	4.1667525e-18
18.80	4.9639200e-18
18.86	5.9072486e-18
18.93	7.0224879e-18
18.99	8.3398067e-18
19.05	9.8945342e-18
19.11	1.1728023e-17
19.17	1.3888648e-17
19.23	1.6432966e-17
19.29	1.9427060e-17
19.35	2.2948086e-17
19.41	2.7086076e-17
19.47	3.1946002e-17
19.53	3.7650163e-17
19.59	4.4340916e-17
19.65	5.2183834e-17
19.71	6.1371295e-17
19.77	7.2126596e-17
19.84	8.4708631e-17
19.90	9.9417198e-17
19.96	1.1659899e-16
20.02	1.3665439e-16
20.08	1.6004511e-16
20.14	1.8730288e-16
20.20	2.1903906e-16
20.26	2.5595562e-16
20.32	2.9885726e-16
20.38	3.4866486e-16
20.44	4.0643037e-16
20.50	4.7335346e-16
20.56	5.5079997e-16
20.62	6.4032179e-16
20.69	7.4367994e-16
20.75	8.6286954e-16
20.81	1.0001485e-15
20.87	1.1580696e-15
20.93	1.3395147e-15
20.99	1.5477342e-15
21.05	1.7863910e-15
21.11	2.0596105e-15
21.17	2.3720392e-15
21.23	2.7289110e-15
21.29	3.1361237e-15
21.35	3.6003259e-15
21.41	4.1290196e-15
21.48	4.7306784e-15
21.54	5.4148826e-15
21.60	6.1924699e-15
21.66	7.0757061e-15
21.72	8.0784848e-15
21.78	9.2165475e-15
21.84	1.0507727e-14
21.90	1.1972218e-14
21.96	1.3632872e-14
22.02	1.5515526e-14
22.08	1.7649339e-14
22.14	2.0067157e-14
22.20	2.2805866e-14
22.26	2.5906763e-14
22.32	2.9415915e-14
22.39	3.3384538e-14
22.45	3.7869315e-14
22.51	4.2932672e-14
22.57	4.8643003e-14
22.63	5.5074745e-14
22.69	6.2308371e-14
22.75	7.0430164e-14
22.81	7.9531792e-14
22.87	8.9709658e-14
22.93	1.0106405e-13
22.99	1.1369800e-13
23.05	1.2771584e-13
23.11	1.4322157e-13
23.18	1.6031698e-13
23.24	1.7909937e-13
23.30	1.9965937e-13
23.36	2.2207852e-13
23.42	2.4642665e-13
23.48	2.7275940e-13
23.54	3.0111604e-13
23.60	3.3151742e-13
23.66	3.6396467e-13
23.72	3.9843793e-13
23.78	4.3489563e-13
23.84	4.7327457e-13
23.90	5.1348980e-13
23.96	5.5543529e-13
24.02	5.9898495e-13
24.09	6.4399324e-13
24.15	6.9029758e-13
24.21	7.3772089e-13
24.27	7.8607485e-13
24.33	8.3516401e-13
24.39	8.8478819e-13
24.45	9.3474468e-13
24.51	9.8483281e-13
24.57	1.0348586e-12
24.63	1.0846343e-12
24.69	1.1339796e-12
24.75	1.1827251e-12
24.81	1.2307119e-12
24.88	1.2777925e-12
24.94	1.3238333e-12
25.00	1.3687176e-12
25.06	1.4123423e-12
25.12	1.4546177e-12
25.18	1.4954729e-12
25.24	1.5348490e-12
25.30	1.5727082e-12
25.36	1.6090205e-12
25.42	1.6437677e-12
25.48	1.6769494e-12
25.54	1.7085755e-12
25.60	1.7386611e-12
25.66	1.7672218e-12
25.73	1.7942684e-12
25.79	1.8198189e-12
25.85	1.8438886e-12
25.91	1.8664978e-12
25.97	1.8876727e-12
26.03	1.9074308e-12
26.09	1.9257900e-12
26.15	1.9427953e-12
26.21	1.9584927e-12
26.27	1.9729222e-12
26.33	1.9861457e-12
26.39	1.9982171e-12
26.45	2.0091985e-12
26.51	2.0191531e-12
26.57	2.0281413e-12
26.64	2.0362292e-12
26.70	2.0435109e-12
26.76	2.0500987e-12
26.82	2.0560930e-12
26.88	2.0616146e-12
26.94	2.0667435e-12
27.00	2.0715258e-12
