# NeutrinoPhotonNeutrinoTopPair cumulative differential rate
# photon field: Cosmic Microwave Background, T_CMB = 2.72548 K
# Produced with crpropa-data version: b4d40dba332f6b1ad7c4075ede4da4da0e3840ac
# log10(E/eV), d(1/lambda)/ds_kin [1/Mpc/eV^2] for log10(s_kin/eV^2) as given in first row
0.00	2.31263e+01	2.32474e+01	2.33684e+01	2.34895e+01	2.36105e+01	2.37316e+01	2.38526e+01	2.39737e+01	2.40947e+01	2.42158e+01	2.43368e+01	2.44579e+01	2.45789e+01	2.47000e+01	2.48211e+01	2.49421e+01	2.50632e+01	2.51842e+01	2.53053e+01	2.54263e+01	2.55474e+01	2.56684e+01	2.57895e+01	2.59105e+01	2.60316e+01	2.61526e+01	2.62737e+01	2.63947e+01	2.65158e+01	2.66368e+01	2.67579e+01	2.68789e+01	2.70000e+01
23.48	1.20264e-197	1.20264e-197	1.20264e-197	1.20264e-197	1.20262e-197	1.20258e-197	1.20249e-197	1.20227e-197	1.20182e-197	1.20089e-197	1.19905e-197	1.19549e-197	1.18874e-197	1.17613e-197	1.15286e-197	1.11032e-197	1.03322e-197	8.94372e-198	6.45722e-198	2.02441e-198	-5.84899e-198	-1.97922e-197	-4.44227e-197	-8.78572e-197	-1.64326e-196	-2.98700e-196	-5.34572e-196	-9.48182e-196	-1.67287e-195	-2.94165e-195	-5.16235e-195	-9.04690e-195	-1.58380e-194
23.54	2.16522e-173	2.16522e-173	2.16522e-173	2.16522e-173	2.16522e-173	2.16522e-173	2.16522e-173	2.16522e-173	2.16522e-173	2.16522e-173	2.16522e-173	2.16522e-173	2.16522e-173	2.16522e-173	2.16522e-173	2.16522e-173	2.16522e-173	2.16522e-173	2.16522e-173	2.16522e-173	2.16522e-173	2.16522e-173	2.16522e-173	2.16522e-173	2.16522e-173	2.16522e-173	2.16522e-173	2.16522e-173	2.16522e-173	2.16522e-173	2.16522e-173	2.16522e-173	2.16522e-173
23.60	1.43522e-152	1.43522e-152	1.43522e-152	1.43522e-152	1.43522e-152	1.43522e-152	1.43522e-152	1.43522e-152	1.43522e-152	1.43522e-152	1.43522e-152	1.43522e-152	1.43522e-152	1.43522e-152	1.43522e-152	1.43522e-152	1.43522e-152	1.43522e-152	1.43522e-152	1.43522e-152	1.43522e-152	1.43522e-152	1.43522e-152	1.43522e-152	1.43522e-152	1.43522e-152	1.43522e-152	1.43522e-152	1.43522e-152	1.43522e-152	1.43522e-152	1.43522e-152	1.43522e-152
23.66	1.88146e-134	1.88146e-134	1.88146e-134	1.88146e-134	1.88146e-134	1.88146e-134	1.88146e-134	1.88146e-134	1.88146e-134	1.88146e-134	1.88146e-134	1.88146e-134	1.88146e-134	1.88146e-134	1.88146e-134	1.88146e-134	1.88146e-134	1.88146e-134	1.88146e-134	1.88146e-134	1.88146e-134	1.88146e-134	1.88146e-134	1.88146e-134	1.88146e-134	1.88146e-134	1.88146e-134	1.88146e-134	1.88146e-134	1.88146e-134	1.88146e-134	1.88146e-134	1.88146e-134
23.72	1.02130e-118	1.02130e-118	1.02130e-118	1.02130e-118	1.02130e-118	1.02130e-118	1.02130e-118	1.02130e-118	1.02130e-118	1.02130e-118	1.02130e-118	1.02130e-118	1.02130e-118	1.02130e-118	1.02130e-118	1.02130e-118	1.02130e-118	1.02130e-118	1.02130e-118	1.02130e-118	1.02130e-118	1.02130e-118	1.02130e-118	1.02130e-118	1.02130e-118	1.02130e-118	1.02130e-118	1.02130e-118	1.02130e-118	1.02130e-118	1.02130e-118	1.02130e-118	1.02130e-118
23.78	4.93090e-105	4.93090e-105	4.93090e-105	4.93090e-105	4.93090e-105	4.93090e-105	4.93090e-105	4.93090e-105	4.93090e-105	4.93090e-105	4.93090e-105	4.93090e-105	4.93090e-105	4.93090e-105	4.93090e-105	4.93090e-105	4.93090e-105	4.93090e-105	4.93090e-105	4.93090e-105	4.93090e-105	4.93090e-105	4.93090e-105	4.93090e-105	4.93090e-105	4.93090e-105	4.93090e-105	4.93090e-105	4.93090e-105	4.93090e-105	4.93090e-105	4.93090e-105	4.93090e-105
23.84	3.85388e-93	3.85388e-93	3.85388e-93	3.85388e-93	3.85388e-93	3.85388e-93	3.85388e-93	3.85388e-93	3.85388e-93	3.85388e-93	3.85388e-93	3.85388e-93	3.85388e-93	3.85388e-93	3.85388e-93	3.85388e-93	3.85388e-93	3.85388e-93	3.85388e-93	3.85388e-93	3.85388e-93	3.85388e-93	3.85388e-93	3.85388e-93	3.85388e-93	3.85388e-93	3.85388e-93	3.85388e-93	3.85388e-93	3.85388e-93	3.85388e-93	3.85388e-93	3.85388e-93
23.90	8.35107e-83	8.35108e-83	8.35108e-83	8.35108e-83	8.35108e-83	8.35108e-83	8.35108e-83	8.35108e-83	8.35108e-83	8.35108e-83	8.35108e-83	8.35108e-83	8.35108e-83	8.35108e-83	8.35108e-83	8.35108e-83	8.35108e-83	8.35108e-83	8.35108e-83	8.35108e-83	8.35108e-83	8.35108e-83	8.35108e-83	8.35108e-83	8.35108e-83	8.35108e-83	8.35108e-83	8.35108e-83	8.35108e-83	8.35108e-83	8.35108e-83	8.35108e-83	8.35108e-83
23.96	8.19554e-74	8.19562e-74	8.19562e-74	8.19562e-74	8.19562e-74	8.19562e-74	8.19562e-74	8.19562e-74	8.19562e-74	8.19562e-74	8.19562e-74	8.19562e-74	8.19562e-74	8.19562e-74	8.19562e-74	8.19562e-74	8.19562e-74	8.19562e-74	8.19562e-74	8.19562e-74	8.19562e-74	8.19562e-74	8.19562e-74	8.19562e-74	8.19562e-74	8.19562e-74	8.19562e-74	8.19562e-74	8.19562e-74	8.19562e-74	8.19562e-74	8.19562e-74	8.19562e-74
24.02	5.44306e-66	5.44347e-66	5.44347e-66	5.44347e-66	5.44347e-66	5.44347e-66	5.44347e-66	5.44347e-66	5.44347e-66	5.44347e-66	5.44347e-66	5.44347e-66	5.44347e-66	5.44347e-66	5.44347e-66	5.44347e-66	5.44347e-66	5.44347e-66	5.44347e-66	5.44347e-66	5.44347e-66	5.44347e-66	5.44347e-66	5.44347e-66	5.44347e-66	5.44347e-66	5.44347e-66	5.44347e-66	5.44347e-66	5.44347e-66	5.44347e-66	5.44347e-66	5.44347e-66
24.09	3.55047e-59	3.55195e-59	3.55195e-59	3.55195e-59	3.55195e-59	3.55195e-59	3.55195e-59	3.55195e-59	3.55195e-59	3.55195e-59	3.55195e-59	3.55195e-59	3.55195e-59	3.55195e-59	3.55195e-59	3.55195e-59	3.55195e-59	3.55195e-59	3.55195e-59	3.55195e-59	3.55195e-59	3.55195e-59	3.55195e-59	3.55195e-59	3.55195e-59	3.55195e-59	3.55195e-59	3.55195e-59	3.55195e-59	3.55195e-59	3.55195e-59	3.55195e-59	3.55195e-59
24.15	3.11647e-53	3.12193e-53	3.12193e-53	3.12193e-53	3.12193e-53	3.12193e-53	3.12193e-53	3.12193e-53	3.12193e-53	3.12193e-53	3.12193e-53	3.12193e-53	3.12193e-53	3.12193e-53	3.12193e-53	3.12193e-53	3.12193e-53	3.12193e-53	3.12193e-53	3.12193e-53	3.12193e-53	3.12193e-53	3.12193e-53	3.12193e-53	3.12193e-53	3.12193e-53	3.12193e-53	3.12193e-53	3.12193e-53	3.12193e-53	3.12193e-53	3.12193e-53	3.12193e-53
24.21	4.80399e-48	4.83180e-48	4.83180e-48	4.83180e-48	4.83180e-48	4.83180e-48	4.83180e-48	4.83180e-48	4.83180e-48	4.83180e-48	4.83180e-48	4.83180e-48	4.83180e-48	4.83180e-48	4.83180e-48	4.83180e-48	4.83180e-48	4.83180e-48	4.83180e-48	4.83180e-48	4.83180e-48	4.83180e-48	4.83180e-48	4.83180e-48	4.83180e-48	4.83180e-48	4.83180e-48	4.83180e-48	4.83180e-48	4.83180e-48	4.83180e-48	4.83180e-48	4.83180e-48
24.27	1.62826e-43	1.65357e-43	1.65357e-43	1.65357e-43	1.65357e-43	1.65357e-43	1.65357e-43	1.65357e-43	1.65357e-43	1.65357e-43	1.65357e-43	1.65357e-43	1.65357e-43	1.65357e-43	1.65357e-43	1.65357e-43	1.65357e-43	1.65357e-43	1.65357e-43	1.65357e-43	1.65357e-43	1.65357e-43	1.65357e-43	1.65357e-43	1.65357e-43	1.65357e-43	1.65357e-43	1.65357e-43	1.65357e-43	1.65357e-43	1.65357e-43	1.65357e-43	1.65357e-43
24.33	1.46201e-39	1.51358e-39	1.51358e-39	1.51358e-39	1.51358e-39	1.51358e-39	1.51358e-39	1.51358e-39	1.51358e-39	1.51358e-39	1.51358e-39	1.51358e-39	1.51358e-39	1.51358e-39	1.51358e-39	1.51358e-39	1.51358e-39	1.51358e-39	1.51358e-39	1.51358e-39	1.51358e-39	1.51358e-39	1.51358e-39	1.51358e-39	1.51358e-39	1.51358e-39	1.51358e-39	1.51358e-39	1.51358e-39	1.51358e-39	1.51358e-39	1.51358e-39	1.51358e-39
24.39	4.07950e-36	4.36640e-36	4.36640e-36	4.36640e-36	4.36640e-36	4.36640e-36	4.36640e-36	4.36640e-36	4.36640e-36	4.36640e-36	4.36640e-36	4.36640e-36	4.36640e-36	4.36640e-36	4.36640e-36	4.36640e-36	4.36640e-36	4.36640e-36	4.36640e-36	4.36640e-36	4.36640e-36	4.36640e-36	4.36640e-36	4.36640e-36	4.36640e-36	4.36640e-36	4.36640e-36	4.36640e-36	4.36640e-36	4.36640e-36	4.36640e-36	4.36640e-36	4.36640e-36
24.45	4.06236e-33	4.57948e-33	4.57948e-33	4.57948e-33	4.57948e-33	4.57948e-33	4.57948e-33	4.57948e-33	4.57948e-33	4.57948e-33	4.57948e-33	4.57948e-33	4.57948e-33	4.57948e-33	4.57948e-33	4.57948e-33	4.57948e-33	4.57948e-33	4.57948e-33	4.57948e-33	4.57948e-33	4.57948e-33	4.57948e-33	4.57948e-33	4.57948e-33	4.57948e-33	4.57948e-33	4.57948e-33	4.57948e-33	4.57948e-33	4.57948e-33	4.57948e-33	4.57948e-33
24.51	1.63394e-30	1.98468e-30	1.98469e-30	1.98469e-30	1.98469e-30	1.98469e-30	1.98469e-30	1.98469e-30	1.98469e-30	1.98469e-30	1.98469e-30	1.98469e-30	1.98469e-30	1.98469e-30	1.98469e-30	1.98469e-30	1.98469e-30	1.98469e-30	1.98469e-30	1.98469e-30	1.98469e-30	1.98469e-30	1.98469e-30	1.98469e-30	1.98469e-30	1.98469e-30	1.98469e-30	1.98469e-30	1.98469e-30	1.98469e-30	1.98469e-30	1.98469e-30	1.98469e-30
24.57	2.96070e-28	3.98058e-28	3.98068e-28	3.98068e-28	3.98068e-28	3.98068e-28	3.98068e-28	3.98068e-28	3.98068e-28	3.98068e-28	3.98068e-28	3.98068e-28	3.98068e-28	3.98068e-28	3.98068e-28	3.98068e-28	3.98068e-28	3.98068e-28	3.98068e-28	3.98068e-28	3.98068e-28	3.98068e-28	3.98068e-28	3.98068e-28	3.98068e-28	3.98068e-28	3.98068e-28	3.98068e-28	3.98068e-28	3.98068e-28	3.98068e-28	3.98068e-28	3.98068e-28
24.63	2.66487e-26	4.08651e-26	4.08716e-26	4.08716e-26	4.08716e-26	4.08716e-26	4.08716e-26	4.08716e-26	4.08716e-26	4.08716e-26	4.08716e-26	4.08716e-26	4.08716e-26	4.08716e-26	4.08716e-26	4.08716e-26	4.08716e-26	4.08716e-26	4.08716e-26	4.08716e-26	4.08716e-26	4.08716e-26	4.08716e-26	4.08716e-26	4.08716e-26	4.08716e-26	4.08716e-26	4.08716e-26	4.08716e-26	4.08716e-26	4.08716e-26	4.08716e-26	4.08716e-26
24.69	1.30088e-24	2.34840e-24	2.35018e-24	2.35018e-24	2.35018e-24	2.35018e-24	2.35018e-24	2.35018e-24	2.35018e-24	2.35018e-24	2.35018e-24	2.35018e-24	2.35018e-24	2.35018e-24	2.35018e-24	2.35018e-24	2.35018e-24	2.35018e-24	2.35018e-24	2.35018e-24	2.35018e-24	2.35018e-24	2.35018e-24	2.35018e-24	2.35018e-24	2.35018e-24	2.35018e-24	2.35018e-24	2.35018e-24	2.35018e-24	2.35018e-24	2.35018e-24	2.35018e-24
24.75	3.71523e-23	8.15106e-23	8.17428e-23	8.17428e-23	8.17428e-23	8.17428e-23	8.17428e-23	8.17428e-23	8.17428e-23	8.17428e-23	8.17428e-23	8.17428e-23	8.17428e-23	8.17428e-23	8.17428e-23	8.17428e-23	8.17428e-23	8.17428e-23	8.17428e-23	8.17428e-23	8.17428e-23	8.17428e-23	8.17428e-23	8.17428e-23	8.17428e-23	8.17428e-23	8.17428e-23	8.17428e-23	8.17428e-23	8.17428e-23	8.17428e-23	8.17428e-23	8.17428e-23
24.81	6.64451e-22	1.82402e-21	1.83985e-21	1.83986e-21	1.83986e-21	1.83986e-21	1.83986e-21	1.83986e-21	1.83986e-21	1.83986e-21	1.83986e-21	1.83986e-21	1.83986e-21	1.83986e-21	1.83986e-21	1.83986e-21	1.83986e-21	1.83986e-21	1.83986e-21	1.83986e-21	1.83986e-21	1.83986e-21	1.83986e-21	1.83986e-21	1.83986e-21	1.83986e-21	1.83986e-21	1.83986e-21	1.83986e-21	1.83986e-21	1.83986e-21	1.83986e-21	1.83986e-21
24.88	7.89695e-21	2.77761e-20	2.83926e-20	2.83934e-20	2.83934e-20	2.83934e-20	2.83934e-20	2.83934e-20	2.83934e-20	2.83934e-20	2.83934e-20	2.83934e-20	2.83934e-20	2.83934e-20	2.83934e-20	2.83934e-20	2.83934e-20	2.83934e-20	2.83934e-20	2.83934e-20	2.83934e-20	2.83934e-20	2.83934e-20	2.83934e-20	2.83934e-20	2.83934e-20	2.83934e-20	2.83934e-20	2.83934e-20	2.83934e-20	2.83934e-20	2.83934e-20	2.83934e-20
24.94	6.57189e-20	3.00903e-19	3.15647e-19	3.15702e-19	3.15702e-19	3.15702e-19	3.15702e-19	3.15702e-19	3.15702e-19	3.15702e-19	3.15702e-19	3.15702e-19	3.15702e-19	3.15702e-19	3.15702e-19	3.15702e-19	3.15702e-19	3.15702e-19	3.15702e-19	3.15702e-19	3.15702e-19	3.15702e-19	3.15702e-19	3.15702e-19	3.15702e-19	3.15702e-19	3.15702e-19	3.15702e-19	3.15702e-19	3.15702e-19	3.15702e-19	3.15702e-19	3.15702e-19
25.00	4.00839e-19	2.40585e-18	2.63665e-18	2.63874e-18	2.63874e-18	2.63874e-18	2.63874e-18	2.63874e-18	2.63874e-18	2.63874e-18	2.63874e-18	2.63874e-18	2.63874e-18	2.63874e-18	2.63874e-18	2.63874e-18	2.63874e-18	2.63874e-18	2.63874e-18	2.63874e-18	2.63874e-18	2.63874e-18	2.63874e-18	2.63874e-18	2.63874e-18	2.63874e-18	2.63874e-18	2.63874e-18	2.63874e-18	2.63874e-18	2.63874e-18	2.63874e-18	2.63874e-18
25.06	1.86476e-18	1.46494e-17	1.71457e-17	1.71946e-17	1.71947e-17	1.71947e-17	1.71947e-17	1.71947e-17	1.71947e-17	1.71947e-17	1.71947e-17	1.71947e-17	1.71947e-17	1.71947e-17	1.71947e-17	1.71947e-17	1.71947e-17	1.71947e-17	1.71947e-17	1.71947e-17	1.71947e-17	1.71947e-17	1.71947e-17	1.71947e-17	1.71947e-17	1.71947e-17	1.71947e-17	1.71947e-17	1.71947e-17	1.71947e-17	1.71947e-17	1.71947e-17	1.71947e-17
25.12	6.85299e-18	6.98432e-17	8.93827e-17	9.01331e-17	9.01375e-17	9.01375e-17	9.01375e-17	9.01375e-17	9.01375e-17	9.01375e-17	9.01375e-17	9.01375e-17	9.01375e-17	9.01375e-17	9.01375e-17	9.01375e-17	9.01375e-17	9.01375e-17	9.01375e-17	9.01375e-17	9.01375e-17	9.01375e-17	9.01375e-17	9.01375e-17	9.01375e-17	9.01375e-17	9.01375e-17	9.01375e-17	9.01375e-17	9.01375e-17	9.01375e-17	9.01375e-17	9.01375e-17
25.18	2.05081e-17	2.67391e-16	3.82544e-16	3.90488e-16	3.90591e-16	3.90591e-16	3.90591e-16	3.90591e-16	3.90591e-16	3.90591e-16	3.90591e-16	3.90591e-16	3.90591e-16	3.90591e-16	3.90591e-16	3.90591e-16	3.90591e-16	3.90591e-16	3.90591e-16	3.90591e-16	3.90591e-16	3.90591e-16	3.90591e-16	3.90591e-16	3.90591e-16	3.90591e-16	3.90591e-16	3.90591e-16	3.90591e-16	3.90591e-16	3.90591e-16	3.90591e-16	3.90591e-16
25.24	5.13242e-17	8.41408e-16	1.37001e-15	1.43087e-15	1.43243e-15	1.43244e-15	1.43244e-15	1.43244e-15	1.43244e-15	1.43244e-15	1.43244e-15	1.43244e-15	1.43244e-15	1.43244e-15	1.43244e-15	1.43244e-15	1.43244e-15	1.43244e-15	1.43244e-15	1.43244e-15	1.43244e-15	1.43244e-15	1.43244e-15	1.43244e-15	1.43244e-15	1.43244e-15	1.43244e-15	1.43244e-15	1.43244e-15	1.43244e-15	1.43244e-15	1.43244e-15	1.43244e-15
25.30	1.09954e-16	2.22346e-15	4.17033e-15	4.52156e-15	4.53793e-15	4.53810e-15	4.53810e-15	4.53810e-15	4.53810e-15	4.53810e-15	4.53810e-15	4.53810e-15	4.53810e-15	4.53810e-15	4.53810e-15	4.53810e-15	4.53810e-15	4.53810e-15	4.53810e-15	4.53810e-15	4.53810e-15	4.53810e-15	4.53810e-15	4.53810e-15	4.53810e-15	4.53810e-15	4.53810e-15	4.53810e-15	4.53810e-15	4.53810e-15	4.53810e-15	4.53810e-15	4.53810e-15
25.36	2.05800e-16	5.03293e-15	1.09366e-14	1.25171e-14	1.26412e-14	1.26438e-14	1.26438e-14	1.26438e-14	1.26438e-14	1.26438e-14	1.26438e-14	1.26438e-14	1.26438e-14	1.26438e-14	1.26438e-14	1.26438e-14	1.26438e-14	1.26438e-14	1.26438e-14	1.26438e-14	1.26438e-14	1.26438e-14	1.26438e-14	1.26438e-14	1.26438e-14	1.26438e-14	1.26438e-14	1.26438e-14	1.26438e-14	1.26438e-14	1.26438e-14	1.26438e-14	1.26438e-14
25.42	3.42577e-16	9.93677e-15	2.50177e-14	3.07315e-14	3.14405e-14	3.14676e-14	3.14678e-14	3.14678e-14	3.14678e-14	3.14678e-14	3.14678e-14	3.14678e-14	3.14678e-14	3.14678e-14	3.14678e-14	3.14678e-14	3.14678e-14	3.14678e-14	3.14678e-14	3.14678e-14	3.14678e-14	3.14678e-14	3.14678e-14	3.14678e-14	3.14678e-14	3.14678e-14	3.14678e-14	3.14678e-14	3.14678e-14	3.14678e-14	3.14678e-14	3.14678e-14	3.14678e-14
25.48	5.15265e-16	1.73963e-14	5.05159e-14	6.75523e-14	7.07121e-14	7.09160e-14	7.09198e-14	7.09198e-14	7.09198e-14	7.09198e-14	7.09198e-14	7.09198e-14	7.09198e-14	7.09198e-14	7.09198e-14	7.09198e-14	7.09198e-14	7.09198e-14	7.09198e-14	7.09198e-14	7.09198e-14	7.09198e-14	7.09198e-14	7.09198e-14	7.09198e-14	7.09198e-14	7.09198e-14	7.09198e-14	7.09198e-14	7.09198e-14	7.09198e-14	7.09198e-14	7.09198e-14
25.54	7.10066e-16	2.74115e-14	9.10905e-14	1.33956e-13	1.45278e-13	1.46435e-13	1.46475e-13	1.46475e-13	1.46475e-13	1.46475e-13	1.46475e-13	1.46475e-13	1.46475e-13	1.46475e-13	1.46475e-13	1.46475e-13	1.46475e-13	1.46475e-13	1.46475e-13	1.46475e-13	1.46475e-13	1.46475e-13	1.46475e-13	1.46475e-13	1.46475e-13	1.46475e-13	1.46475e-13	1.46475e-13	1.46475e-13	1.46475e-13	1.46475e-13	1.46475e-13	1.46475e-13
25.60	9.07436e-16	3.94032e-14	1.48354e-13	2.41244e-13	2.74720e-13	2.79849e-13	2.80143e-13	2.80148e-13	2.80148e-13	2.80148e-13	2.80148e-13	2.80148e-13	2.80148e-13	2.80148e-13	2.80148e-13	2.80148e-13	2.80148e-13	2.80148e-13	2.80148e-13	2.80148e-13	2.80148e-13	2.80148e-13	2.80148e-13	2.80148e-13	2.80148e-13	2.80148e-13	2.80148e-13	2.80148e-13	2.80148e-13	2.80148e-13	2.80148e-13	2.80148e-13	2.80148e-13
25.66	1.08692e-15	5.22984e-14	2.20620e-13	3.97143e-13	4.80742e-13	4.99017e-13	5.00681e-13	5.00733e-13	5.00734e-13	5.00734e-13	5.00734e-13	5.00734e-13	5.00734e-13	5.00734e-13	5.00734e-13	5.00734e-13	5.00734e-13	5.00734e-13	5.00734e-13	5.00734e-13	5.00734e-13	5.00734e-13	5.00734e-13	5.00734e-13	5.00734e-13	5.00734e-13	5.00734e-13	5.00734e-13	5.00734e-13	5.00734e-13	5.00734e-13	5.00734e-13	5.00734e-13
25.73	1.23156e-15	6.47832e-14	3.02698e-13	6.01669e-13	7.81612e-13	8.35375e-13	8.42716e-13	8.43106e-13	8.43112e-13	8.43112e-13	8.43112e-13	8.43112e-13	8.43112e-13	8.43112e-13	8.43112e-13	8.43112e-13	8.43112e-13	8.43112e-13	8.43112e-13	8.43112e-13	8.43112e-13	8.43112e-13	8.43112e-13	8.43112e-13	8.43112e-13	8.43112e-13	8.43112e-13	8.43112e-13	8.43112e-13	8.43112e-13	8.43112e-13	8.43112e-13	8.43112e-13
25.79	1.33070e-15	7.56088e-14	3.86891e-13	8.44758e-13	1.18469e-12	1.31832e-12	1.34438e-12	1.34658e-12	1.34664e-12	1.34664e-12	1.34664e-12	1.34664e-12	1.34664e-12	1.34664e-12	1.34664e-12	1.34664e-12	1.34664e-12	1.34664e-12	1.34664e-12	1.34664e-12	1.34664e-12	1.34664e-12	1.34664e-12	1.34664e-12	1.34664e-12	1.34664e-12	1.34664e-12	1.34664e-12	1.34664e-12	1.34664e-12	1.34664e-12	1.34664e-12	1.34664e-12
25.85	1.38041e-15	8.38333e-14	4.64768e-13	1.10710e-12	1.67984e-12	1.96629e-12	2.04265e-12	2.05232e-12	2.05281e-12	2.05282e-12	2.05282e-12	2.05282e-12	2.05282e-12	2.05282e-12	2.05282e-12	2.05282e-12	2.05282e-12	2.05282e-12	2.05282e-12	2.05282e-12	2.05282e-12	2.05282e-12	2.05282e-12	2.05282e-12	2.05282e-12	2.05282e-12	2.05282e-12	2.05282e-12	2.05282e-12	2.05282e-12	2.05282e-12	2.05282e-12	2.05282e-12
25.91	1.38284e-15	8.89484e-14	5.28986e-13	1.36403e-12	2.23720e-12	2.77633e-12	2.96552e-12	2.99973e-12	3.00246e-12	3.00254e-12	3.00254e-12	3.00254e-12	3.00254e-12	3.00254e-12	3.00254e-12	3.00254e-12	3.00254e-12	3.00254e-12	3.00254e-12	3.00254e-12	3.00254e-12	3.00254e-12	3.00254e-12	3.00254e-12	3.00254e-12	3.00254e-12	3.00254e-12	3.00254e-12	3.00254e-12	3.00254e-12	3.00254e-12	3.00254e-12	3.00254e-12
25.97	1.34436e-15	9.08695e-14	5.74544e-13	1.59087e-12	2.81104e-12	3.71645e-12	4.12077e-12	4.22076e-12	4.23276e-12	4.23334e-12	4.23335e-12	4.23335e-12	4.23335e-12	4.23335e-12	4.23335e-12	4.23335e-12	4.23335e-12	4.23335e-12	4.23335e-12	4.23335e-12	4.23335e-12	4.23335e-12	4.23335e-12	4.23335e-12	4.23335e-12	4.23335e-12	4.23335e-12	4.23335e-12	4.23335e-12	4.23335e-12	4.23335e-12	4.23335e-12	4.23335e-12
26.03	1.27366e-15	8.98598e-14	5.99268e-13	1.76784e-12	3.34873e-12	4.72517e-12	5.48415e-12	5.73121e-12	5.77356e-12	5.77682e-12	5.77692e-12	5.77692e-12	5.77692e-12	5.77692e-12	5.77692e-12	5.77692e-12	5.77692e-12	5.77692e-12	5.77692e-12	5.77692e-12	5.77692e-12	5.77692e-12	5.77692e-12	5.77692e-12	5.77692e-12	5.77692e-12	5.77692e-12	5.77692e-12	5.77692e-12	5.77692e-12	5.77692e-12	5.77692e-12	5.77692e-12
26.09	1.18011e-15	8.64054e-14	6.03563e-13	1.88296e-12	3.80151e-12	5.72021e-12	6.99186e-12	7.51866e-12	7.64214e-12	7.65642e-12	7.65709e-12	7.65710e-12	7.65710e-12	7.65710e-12	7.65710e-12	7.65710e-12	7.65710e-12	7.65710e-12	7.65710e-12	7.65710e-12	7.65710e-12	7.65710e-12	7.65710e-12	7.65710e-12	7.65710e-12	7.65710e-12	7.65710e-12	7.65710e-12	7.65710e-12	7.65710e-12	7.65710e-12	7.65710e-12	7.65710e-12
26.15	1.07253e-15	8.10985e-14	5.89786e-13	1.93273e-12	4.13325e-12	6.61389e-12	8.54318e-12	9.53002e-12	9.83452e-12	9.88478e-12	9.88855e-12	9.88865e-12	9.88865e-12	9.88865e-12	9.88865e-12	9.88865e-12	9.88865e-12	9.88865e-12	9.88865e-12	9.88865e-12	9.88865e-12	9.88865e-12	9.88865e-12	9.88865e-12	9.88865e-12	9.88865e-12	9.88865e-12	9.88865e-12	9.88865e-12	9.88865e-12	9.88865e-12	9.88865e-12	9.88865e-12
26.21	9.58568e-16	7.45410e-14	5.61447e-13	1.92093e-12	4.32507e-12	7.33003e-12	1.00146e-11	1.16651e-11	1.23131e-11	1.24594e-11	1.24758e-11	1.24766e-11	1.24766e-11	1.24766e-11	1.24766e-11	1.24766e-11	1.24766e-11	1.24766e-11	1.24766e-11	1.24766e-11	1.24766e-11	1.24766e-11	1.24766e-11	1.24766e-11	1.24766e-11	1.24766e-11	1.24766e-11	1.24766e-11	1.24766e-11	1.24766e-11	1.24766e-11	1.24766e-11	1.24766e-11
26.27	8.44267e-16	6.72795e-14	5.22496e-13	1.85645e-12	4.37547e-12	7.81667e-12	1.12822e-11	1.37822e-11	1.49941e-11	1.53541e-11	1.54119e-11	1.54161e-11	1.54162e-11	1.54162e-11	1.54162e-11	1.54162e-11	1.54162e-11	1.54162e-11	1.54162e-11	1.54162e-11	1.54162e-11	1.54162e-11	1.54162e-11	1.54162e-11	1.54162e-11	1.54162e-11	1.54162e-11	1.54162e-11	1.54162e-11	1.54162e-11	1.54162e-11	1.54162e-11	1.54162e-11
26.33	7.34136e-16	5.97713e-14	4.76772e-13	1.75093e-12	4.29706e-12	8.05164e-12	1.22442e-11	1.57180e-11	1.77420e-11	1.85069e-11	1.86746e-11	1.86931e-11	1.86939e-11	1.86939e-11	1.86939e-11	1.86939e-11	1.86939e-11	1.86939e-11	1.86939e-11	1.86939e-11	1.86939e-11	1.86939e-11	1.86939e-11	1.86939e-11	1.86939e-11	1.86939e-11	1.86939e-11	1.86939e-11	1.86939e-11	1.86939e-11	1.86939e-11	1.86939e-11	1.86939e-11
26.39	6.31214e-16	5.23709e-14	4.27653e-13	1.61675e-12	4.11178e-12	8.04126e-12	1.28370e-11	1.73160e-11	2.03778e-11	2.18063e-11	2.22185e-11	2.22832e-11	2.22878e-11	2.22880e-11	2.22880e-11	2.22880e-11	2.22880e-11	2.22880e-11	2.22880e-11	2.22880e-11	2.22880e-11	2.22880e-11	2.22880e-11	2.22880e-11	2.22880e-11	2.22880e-11	2.22880e-11	2.22880e-11	2.22880e-11	2.22880e-11	2.22880e-11	2.22880e-11	2.22880e-11
26.45	5.37355e-16	4.53324e-14	3.77891e-13	1.46547e-12	3.84598e-12	7.81383e-12	1.30412e-11	1.84543e-11	2.27040e-11	2.50865e-11	2.59610e-11	2.61487e-11	2.61690e-11	2.61699e-11	2.61699e-11	2.61699e-11	2.61699e-11	2.61699e-11	2.61699e-11	2.61699e-11	2.61699e-11	2.61699e-11	2.61699e-11	2.61699e-11	2.61699e-11	2.61699e-11	2.61699e-11	2.61699e-11	2.61699e-11	2.61699e-11	2.61699e-11	2.61699e-11	2.61699e-11
26.51	4.53440e-16	3.88218e-14	3.29562e-13	1.30702e-12	3.52644e-12	7.41137e-12	1.28777e-11	1.90641e-11	2.45382e-11	2.81384e-11	2.97694e-11	3.02298e-11	3.03008e-11	3.03059e-11	3.03060e-11	3.03060e-11	3.03060e-11	3.03060e-11	3.03060e-11	3.03060e-11	3.03060e-11	3.03060e-11	3.03060e-11	3.03060e-11	3.03060e-11	3.03060e-11	3.03060e-11	3.03060e-11	3.03060e-11	3.03060e-11	3.03060e-11	3.03060e-11	3.03060e-11
26.57	3.79646e-16	3.29329e-14	2.84112e-13	1.14928e-12	3.17751e-12	6.88144e-12	1.23972e-11	1.91353e-11	2.57453e-11	3.07376e-11	3.34548e-11	3.44303e-11	3.46361e-11	3.46580e-11	3.46590e-11	3.46590e-11	3.46590e-11	3.46590e-11	3.46590e-11	3.46590e-11	3.46590e-11	3.46590e-11	3.46590e-11	3.46590e-11	3.46590e-11	3.46590e-11	3.46590e-11	3.46590e-11	3.46590e-11	3.46590e-11	3.46590e-11	3.46590e-11	3.46590e-11
26.64	3.15649e-16	2.77036e-14	2.42442e-13	9.98042e-13	2.81957e-12	6.27070e-12	1.16679e-11	1.87094e-11	2.62583e-11	3.26834e-11	3.67854e-11	3.86026e-11	3.91067e-11	3.91836e-11	3.91890e-11	3.91891e-11	3.91891e-11	3.91891e-11	3.91891e-11	3.91891e-11	3.91891e-11	3.91891e-11	3.91891e-11	3.91891e-11	3.91891e-11	3.91891e-11	3.91891e-11	3.91891e-11	3.91891e-11	3.91891e-11	3.91891e-11	3.91891e-11	3.91891e-11
26.70	2.60805e-16	2.31309e-14	2.05021e-13	8.57219e-13	2.46847e-12	5.62059e-12	1.07636e-11	1.78648e-11	2.60818e-11	3.38346e-11	3.95177e-11	4.25421e-11	4.36090e-11	4.38311e-11	4.38546e-11	4.38556e-11	4.38556e-11	4.38556e-11	4.38556e-11	4.38556e-11	4.38556e-11	4.38556e-11	4.38556e-11	4.38556e-11	4.38556e-11	4.38556e-11	4.38556e-11	4.38556e-11	4.38556e-11	4.38556e-11	4.38556e-11	4.38556e-11	4.38556e-11
26.76	2.14281e-16	1.91843e-14	1.71989e-13	7.29126e-13	2.13554e-12	4.96509e-12	9.75493e-12	1.67001e-11	2.52826e-11	3.41310e-11	4.14398e-11	4.60013e-11	4.79867e-11	4.85302e-11	4.86122e-11	4.86179e-11	4.86181e-11	4.86181e-11	4.86181e-11	4.86181e-11	4.86181e-11	4.86181e-11	4.86181e-11	4.86181e-11	4.86181e-11	4.86181e-11	4.86181e-11	4.86181e-11	4.86181e-11	4.86181e-11	4.86181e-11	4.86181e-11	4.86181e-11
26.82	1.75167e-16	1.58159e-14	1.43247e-13	6.14831e-13	1.82818e-12	4.33006e-12	8.70319e-12	1.53186e-11	2.39698e-11	3.35962e-11	4.24096e-11	4.87244e-11	5.20256e-11	5.31745e-11	5.34112e-11	5.34361e-11	5.34371e-11	5.34372e-11	5.34372e-11	5.34372e-11	5.34372e-11	5.34372e-11	5.34372e-11	5.34372e-11	5.34372e-11	5.34372e-11	5.34372e-11	5.34372e-11	5.34372e-11	5.34372e-11	5.34372e-11	5.34372e-11	5.34372e-11
26.88	1.42539e-16	1.29687e-14	1.18545e-13	5.14472e-13	1.55053e-12	3.73356e-12	7.65783e-12	1.38167e-11	2.22745e-11	3.23244e-11	4.23777e-11	5.04935e-11	5.54683e-11	5.76042e-11	5.81828e-11	5.82693e-11	5.82754e-11	5.82755e-11	5.82755e-11	5.82755e-11	5.82755e-11	5.82755e-11	5.82755e-11	5.82755e-11	5.82755e-11	5.82755e-11	5.82755e-11	5.82755e-11	5.82755e-11	5.82755e-11	5.82755e-11	5.82755e-11	5.82755e-11
26.94	1.15508e-16	1.05824e-14	9.75382e-14	4.27538e-13	1.30416e-12	3.18693e-12	6.65570e-12	1.22770e-11	2.03305e-11	3.04569e-11	4.13889e-11	5.11696e-11	5.80518e-11	6.16000e-11	6.28216e-11	6.30713e-11	6.30973e-11	6.30985e-11	6.30985e-11	6.30985e-11	6.30985e-11	6.30985e-11	6.30985e-11	6.30985e-11	6.30985e-11	6.30985e-11	6.30985e-11	6.30985e-11	6.30985e-11	6.30985e-11	6.30985e-11	6.30985e-11	6.30985e-11
27.00	9.32512e-17	8.59731e-15	7.98381e-14	3.53106e-13	1.08884e-12	2.69605e-12	5.72196e-12	1.07649e-11	1.82604e-11	2.81571e-11	3.95654e-11	5.07165e-11	5.95558e-11	6.48988e-11	6.71677e-11	6.77772e-11	6.78679e-11	6.78742e-11	6.78744e-11	6.78744e-11	6.78744e-11	6.78744e-11	6.78744e-11	6.78744e-11	6.78744e-11	6.78744e-11	6.78744e-11	6.78744e-11	6.78744e-11	6.78744e-11	6.78744e-11	6.78744e-11	6.78744e-11
