# NeutrinoMuPhotonUpDown interaction rates
# neutrino field: cosmic infrared and optical background radiation (best) model of Saldana-Lopez et al. 2021 (arXiv:2012.03035)
# Produced with crpropa-data version: b4d40dba332f6b1ad7c4075ede4da4da0e3840ac
# log10(E/eV), 1/lambda [1/Mpc]
14.43	0.0000000e+00
14.49	0.0000000e+00
14.55	0.0000000e+00
14.61	0.0000000e+00
14.68	0.0000000e+00
14.74	0.0000000e+00
14.80	0.0000000e+00
14.86	0.0000000e+00
14.92	9.6668200e-32
14.98	5.8530026e-29
15.04	1.4329882e-27
15.10	1.2129203e-26
15.16	5.9682567e-26
15.22	2.1437647e-25
15.28	6.2418537e-25
15.34	1.5642906e-24
15.40	3.5079737e-24
15.46	7.2238423e-24
15.53	1.3900577e-23
15.59	2.5309026e-23
15.65	4.4026377e-23
15.71	7.3758041e-23
15.77	1.1979057e-22
15.83	1.8960521e-22
15.89	2.9367031e-22
15.95	4.4641951e-22
16.01	6.6743775e-22
16.07	9.8289955e-22
16.13	1.4273045e-21
16.19	2.0455406e-21
16.25	2.8953027e-21
16.31	4.0499123e-21
16.38	5.6015673e-21
16.44	7.6649974e-21
16.50	1.0381535e-20
16.56	1.3923677e-20
16.62	1.8500268e-20
16.68	2.4362533e-20
16.74	3.1811231e-20
16.80	4.1205221e-20
16.86	5.2971849e-20
16.92	6.7619650e-20
16.98	8.5753973e-20
17.04	1.0809589e-19
17.10	1.3550473e-19
17.16	1.6900493e-19
17.23	2.0981748e-19
17.29	2.5939687e-19
17.35	3.1947474e-19
17.41	3.9211132e-19
17.47	4.7975698e-19
17.53	5.8532726e-19
17.59	7.1229451e-19
17.65	8.6480045e-19
17.71	1.0477951e-18
17.77	1.2672088e-18
17.83	1.5301657e-18
17.89	1.8452474e-18
17.95	2.2228189e-18
18.01	2.6754241e-18
18.07	3.2182623e-18
18.14	3.8697529e-18
18.20	4.6521965e-18
18.26	5.5925390e-18
18.32	6.7232449e-18
18.38	8.0832861e-18
18.44	9.7192616e-18
18.50	1.1686673e-17
18.56	1.4051395e-17
18.62	1.6891379e-17
18.68	2.0298644e-17
18.74	2.4381622e-17
18.80	2.9267923e-17
18.86	3.5107604e-17
18.93	4.2077035e-17
18.99	5.0383470e-17
19.05	6.0270406e-17
19.11	7.2023946e-17
19.17	8.5980355e-17
19.23	1.0253501e-16
19.29	1.2215303e-16
19.35	1.4538189e-16
19.41	1.7286651e-16
19.47	2.0536733e-16
19.53	2.4378203e-16
19.59	2.8917206e-16
19.65	3.4279509e-16
19.71	4.0614570e-16
19.77	4.8100692e-16
19.84	5.6951806e-16
19.90	6.7426764e-16
19.96	7.9842952e-16
20.02	9.4599049e-16
20.08	1.1222510e-15
20.14	1.3363988e-15
20.20	1.6179290e-15
20.26	2.0331932e-15
20.32	2.6840267e-15
20.38	3.7029838e-15
20.44	5.2334405e-15
20.50	7.4478029e-15
20.56	1.0569359e-14
20.62	1.4835590e-14
20.69	2.0487435e-14
20.75	2.7864036e-14
20.81	3.7549774e-14
20.87	5.0443479e-14
20.93	6.7709701e-14
20.99	9.0650047e-14
21.05	1.2048014e-13
21.11	1.5818286e-13
21.17	2.0459007e-13
21.23	2.6050217e-13
21.29	3.2661618e-13
21.35	4.0331632e-13
21.41	4.9058568e-13
21.48	5.8796107e-13
21.54	6.9415518e-13
21.60	8.0656597e-13
21.66	9.2166612e-13
21.72	1.0354402e-12
21.78	1.1444608e-12
21.84	1.2467325e-12
21.90	1.3418648e-12
21.96	1.4314839e-12
22.02	1.5195675e-12
22.08	1.6133028e-12
22.14	1.7220011e-12
22.20	1.8541727e-12
22.26	2.0173094e-12
22.32	2.2172439e-12
22.39	2.4568499e-12
22.45	2.7398531e-12
22.51	3.0717118e-12
22.57	3.4613286e-12
22.63	3.9317790e-12
22.69	4.5241452e-12
22.75	5.2982057e-12
22.81	6.3394895e-12
22.87	7.7646787e-12
22.93	9.7253558e-12
22.99	1.2412880e-11
23.05	1.6055494e-11
23.11	2.0903994e-11
23.18	2.7206972e-11
23.24	3.5173714e-11
23.30	4.4930807e-11
23.36	5.6478792e-11
23.42	6.9654687e-11
23.48	8.4111168e-11
23.54	9.9329404e-11
23.60	1.1467570e-10
23.66	1.2948633e-10
23.72	1.4315113e-10
23.78	1.5517826e-10
23.84	1.6523728e-10
23.90	1.7317547e-10
23.96	1.7900238e-10
24.02	1.8285120e-10
24.09	1.8492658e-10
24.15	1.8537983e-10
24.21	1.8423609e-10
24.27	1.8189079e-10
24.33	1.7877653e-10
24.39	1.7519374e-10
24.45	1.7133854e-10
24.51	1.6733978e-10
24.57	1.6328576e-10
24.63	1.5924172e-10
24.69	1.5525869e-10
24.75	1.5137773e-10
24.81	1.4763208e-10
24.88	1.4404845e-10
24.94	1.4064653e-10
25.00	1.3744058e-10
25.06	1.3443968e-10
25.12	1.3164839e-10
25.18	1.2906687e-10
25.24	1.2669180e-10
25.30	1.2451718e-10
25.36	1.2253472e-10
25.42	1.2073504e-10
25.48	1.1910750e-10
25.54	1.1764025e-10
25.60	1.1632131e-10
25.66	1.1513938e-10
25.73	1.1408289e-10
25.79	1.1314061e-10
25.85	1.1230150e-10
25.91	1.1155521e-10
25.97	1.1089150e-10
26.03	1.1030074e-10
26.09	1.0977436e-10
26.15	1.0930381e-10
26.21	1.0888171e-10
26.27	1.0850158e-10
26.33	1.0815748e-10
26.39	1.0784400e-10
26.45	1.0755640e-10
26.51	1.0729082e-10
26.57	1.0704456e-10
26.64	1.0681536e-10
26.70	1.0660220e-10
26.76	1.0640578e-10
26.82	1.0622712e-10
26.88	1.0606742e-10
26.94	1.0592665e-10
27.00	1.0580377e-10
