# NeutrinoElPhotonElPair interaction rates
# neutrino field: cosmic infrared and optical background radiation (best) model of Saldana-Lopez et al. 2021 (arXiv:2012.03035)
# Produced with crpropa-data version: b4d40dba332f6b1ad7c4075ede4da4da0e3840ac
# log10(E/eV), 1/lambda [1/Mpc]
10.36	3.6464971e-36
10.43	3.2156356e-34
10.49	4.8765660e-33
10.55	3.5524209e-32
10.61	1.7020498e-31
10.67	6.2174547e-31
10.73	1.8756519e-30
10.79	4.9096871e-30
10.85	1.1527750e-29
10.91	2.4845860e-29
10.97	4.9970905e-29
11.03	9.4930819e-29
11.09	1.7195788e-28
11.15	2.9928355e-28
11.21	5.0365401e-28
11.28	8.2381093e-28
11.34	1.3151973e-27
11.40	2.0561493e-27
11.46	3.1558675e-27
11.52	4.7645049e-27
11.58	7.0859491e-27
11.64	1.0393360e-26
11.70	1.5048497e-26
11.76	2.1525041e-26
11.82	3.0436698e-26
11.88	4.2570585e-26
11.94	5.8926474e-26
12.00	8.0762688e-26
12.06	1.0964969e-25
12.12	1.4753278e-25
12.19	1.9680557e-25
12.25	2.6039677e-25
12.31	3.4187302e-25
12.37	4.4556163e-25
12.43	5.7669780e-25
12.49	7.4160134e-25
12.55	9.4788821e-25
12.61	1.2047228e-24
12.67	1.5231176e-24
12.73	1.9162891e-24
12.79	2.4000801e-24
12.85	2.9934594e-24
12.91	3.7191170e-24
12.97	4.6041729e-24
13.04	5.6810289e-24
13.10	6.9883926e-24
13.16	8.5725174e-24
13.22	1.0488708e-23
13.28	1.2803157e-23
13.34	1.5595194e-23
13.40	1.8960034e-23
13.46	2.3012131e-23
13.52	2.7889265e-23
13.58	3.3757468e-23
13.64	4.0816923e-23
13.70	4.9308975e-23
13.76	5.9524460e-23
13.82	7.1813474e-23
13.89	8.6596791e-23
13.95	1.0437918e-22
14.01	1.2576488e-22
14.07	1.5147567e-22
14.13	1.8237181e-22
14.19	2.1947661e-22
14.25	2.6400502e-22
14.31	3.1739730e-22
14.37	3.8135842e-22
14.43	4.5790433e-22
14.49	5.4941603e-22
14.55	6.5870275e-22
14.61	7.8907603e-22
14.68	9.4443639e-22
14.74	1.1293749e-21
14.80	1.3492921e-21
14.86	1.6105367e-21
14.92	1.9205676e-21
14.98	2.2881435e-21
15.04	2.7235446e-21
15.10	3.2388314e-21
15.16	3.8481465e-21
15.22	4.5680680e-21
15.28	5.4180221e-21
15.34	6.4207641e-21
15.40	7.6029402e-21
15.46	8.9957432e-21
15.53	1.0635676e-20
15.59	1.2565440e-20
15.65	1.4834975e-20
15.71	1.7502667e-20
15.77	2.0636759e-20
15.83	2.4317002e-20
15.89	2.8636579e-20
15.95	3.3704350e-20
16.01	3.9647462e-20
16.07	4.6614386e-20
16.13	5.4778450e-20
16.19	6.4341968e-20
16.25	7.5541007e-20
16.31	8.8650953e-20
16.38	1.0399301e-19
16.44	1.2194175e-19
16.50	1.4293390e-19
16.56	1.6747856e-19
16.62	1.9616914e-19
16.68	2.2969714e-19
16.74	2.6886810e-19
16.80	3.1462024e-19
16.86	3.6804627e-19
16.92	4.3041860e-19
16.98	5.0321877e-19
17.04	5.8817152e-19
17.10	6.8728450e-19
17.16	8.0289451e-19
17.23	9.3772069e-19
17.29	1.0949264e-18
17.35	1.2781910e-18
17.41	1.4917926e-18
17.47	1.7407050e-18
17.53	2.0307099e-18
17.59	2.3685293e-18
17.65	2.7619757e-18
17.71	3.2201305e-18
17.77	3.7535487e-18
17.83	4.3744933e-18
17.89	5.0972114e-18
17.95	5.9382567e-18
18.01	6.9168636e-18
18.07	8.0553863e-18
18.14	9.3797954e-18
18.20	1.0920255e-17
18.26	1.2711798e-17
18.32	1.4795108e-17
18.38	1.7217418e-17
18.44	2.0033544e-17
18.50	2.3307091e-17
18.56	2.7111856e-17
18.62	3.1533497e-17
18.68	3.6671456e-17
18.74	4.2641170e-17
18.80	4.9576583e-17
18.86	5.7633084e-17
18.93	6.6990956e-17
18.99	7.7859415e-17
19.05	9.0481133e-17
19.11	1.0513752e-16
19.17	1.2215498e-16
19.23	1.4191219e-16
19.29	1.6484867e-16
19.35	1.9147472e-16
19.41	2.2238269e-16
19.47	2.5826066e-16
19.53	2.9990740e-16
19.59	3.4825195e-16
19.65	4.0437668e-16
19.71	4.6954301e-16
19.77	5.4522584e-16
19.84	6.3315867e-16
19.90	7.3539450e-16
19.96	8.5439116e-16
20.02	9.9315852e-16
20.08	1.1556073e-15
20.14	1.3486798e-15
20.20	1.5946217e-15
20.26	1.9406706e-15
20.32	2.4560125e-15
20.38	3.2264925e-15
20.44	4.3407245e-15
20.50	5.9057423e-15
20.56	8.0600148e-15
20.62	1.0942979e-14
20.69	1.4693092e-14
20.75	1.9521740e-14
20.81	2.5812185e-14
20.87	3.4149694e-14
20.93	4.5269804e-14
20.99	5.9957777e-14
21.05	7.8892108e-14
21.11	1.0256612e-13
21.17	1.3137336e-13
21.23	1.6569347e-13
21.29	2.0582570e-13
21.35	2.5184462e-13
21.41	3.0356258e-13
21.48	3.6050818e-13
21.54	4.2164715e-13
21.60	4.8509140e-13
21.66	5.4846161e-13
21.72	6.0921436e-13
21.78	6.6541661e-13
21.84	7.1622902e-13
21.90	7.6192016e-13
21.96	8.0410180e-13
22.02	8.4589981e-13
22.08	8.9248605e-13
22.14	9.5003306e-13
22.20	1.0236555e-12
22.26	1.1175578e-12
22.32	1.2345637e-12
22.39	1.3754330e-12
22.45	1.5418742e-12
22.51	1.7367695e-12
22.57	1.9656558e-12
22.63	2.2443439e-12
22.69	2.6003251e-12
22.75	3.0727220e-12
22.81	3.7170119e-12
22.87	4.6078328e-12
22.93	5.8408000e-12
22.99	7.5350183e-12
23.05	9.8294978e-12
23.11	1.2871970e-11
23.18	1.6801207e-11
23.24	2.1721866e-11
23.30	2.7676876e-11
23.36	3.4621560e-11
23.42	4.2403261e-11
23.48	5.0753995e-11
23.54	5.9307290e-11
23.60	6.7643727e-11
23.66	7.5350990e-11
23.72	8.2077299e-11
23.78	8.7568307e-11
23.84	9.1687741e-11
23.90	9.4419047e-11
23.96	9.5845995e-11
24.02	9.6120317e-11
24.09	9.5422091e-11
24.15	9.3867014e-11
24.21	9.1486197e-11
24.27	8.8587307e-11
24.33	8.5455353e-11
24.39	8.2261905e-11
24.45	7.9103186e-11
24.51	7.6031892e-11
24.57	7.3077184e-11
24.63	7.0256217e-11
24.69	6.7579034e-11
24.75	6.5052718e-11
24.81	6.2681857e-11
24.88	6.0468988e-11
24.94	5.8414788e-11
25.00	5.6518312e-11
25.06	5.4776322e-11
25.12	5.3183998e-11
25.18	5.1735234e-11
25.24	5.0423070e-11
25.30	4.9239485e-11
25.36	4.8175862e-11
25.42	4.7223283e-11
25.48	4.6372721e-11
25.54	4.5615728e-11
25.60	4.4944516e-11
25.66	4.4350552e-11
25.73	4.3825841e-11
25.79	4.3362951e-11
25.85	4.2955205e-11
25.91	4.2595639e-11
25.97	4.2277767e-11
26.03	4.1995852e-11
26.09	4.1744361e-11
26.15	4.1518375e-11
26.21	4.1314052e-11
26.27	4.1128784e-11
26.33	4.0961124e-11
26.39	4.0809132e-11
26.45	4.0671437e-11
26.51	4.0547264e-11
26.57	4.0435827e-11
26.64	4.0335390e-11
26.70	4.0243974e-11
26.76	4.0160808e-11
26.82	4.0084851e-11
26.88	4.0014647e-11
26.94	3.9948708e-11
27.00	3.9885452e-11
